Date,Close
1990-04-23,4.611248970031738
1990-04-24,4.5749406814575195
1990-04-25,4.792792320251465
1990-04-26,4.756484508514404
1990-04-27,4.611248970031738
1990-04-30,4.611248970031738
1990-05-01,4.520477294921875
1990-05-02,4.502324104309082
1990-05-03,4.429701328277588
1990-05-04,4.429701328277588
1990-05-07,4.447855472564697
1990-05-08,4.429701328277588
1990-05-09,4.3570876121521
1990-05-10,4.3570876121521
1990-05-11,4.429701328277588
1990-05-14,4.538631439208984
1990-05-15,4.5749406814575195
1990-05-16,4.502324104309082
1990-05-17,4.756484508514404
1990-05-18,4.792792320251465
1990-05-21,4.774641036987305
1990-05-22,4.792792320251465
1990-05-23,4.720180034637451
1990-05-24,4.665713787078857
1990-05-25,4.647558689117432
1990-05-29,4.611248970031738
1990-05-30,4.593092918395996
1990-05-31,4.5749406814575195
1990-06-01,4.593092918395996
1990-06-04,4.647558689117432
1990-06-05,4.683870315551758
1990-06-06,4.720180034637451
1990-06-07,4.792792320251465
1990-06-08,4.792792320251465
1990-06-11,4.792792320251465
1990-06-12,4.901721954345703
1990-06-13,4.919877052307129
1990-06-14,4.919877052307129
1990-06-15,4.865414619445801
1990-06-18,4.774641036987305
1990-06-19,4.792792320251465
1990-06-20,4.792792320251465
1990-06-21,4.792792320251465
1990-06-22,4.756484508514404
1990-06-25,4.720180034637451
1990-06-26,4.683870315551758
1990-06-27,4.720180034637451
1990-06-28,4.847259521484375
1990-06-29,4.901721954345703
1990-07-02,4.865414619445801
1990-07-03,4.865414619445801
1990-07-05,4.901721954345703
1990-07-06,4.883565425872803
1990-07-09,4.865414619445801
1990-07-10,4.865414619445801
1990-07-11,4.865414619445801
1990-07-12,4.938029766082764
1990-07-13,4.938029766082764
1990-07-16,4.901721954345703
1990-07-17,4.810948371887207
1990-07-18,4.756484508514404
1990-07-19,4.756484508514404
1990-07-20,4.683870315551758
1990-07-23,4.5749406814575195
1990-07-24,4.502324104309082
1990-07-25,4.55678653717041
1990-07-26,4.538631439208984
1990-07-27,4.538631439208984
1990-07-30,4.393396854400635
1990-07-31,4.466012954711914
1990-08-01,4.429701328277588
1990-08-02,4.466012954711914
1990-08-03,4.375244140625
1990-08-06,4.193693161010742
1990-08-07,4.230006217956543
1990-08-08,4.466012954711914
1990-08-09,4.593092918395996
1990-08-10,4.466012954711914
1990-08-13,4.466012954711914
1990-08-14,4.447855472564697
1990-08-15,4.531919956207275
1990-08-16,4.422276973724365
1990-08-17,4.422276973724365
1990-08-20,4.312629699707031
1990-08-21,4.239539623260498
1990-08-22,4.166439056396484
1990-08-23,4.093344688415527
1990-08-24,4.093344688415527
1990-08-27,4.2029900550842285
1990-08-28,4.166439056396484
1990-08-29,4.239539623260498
1990-08-30,4.2029900550842285
1990-08-31,4.312629699707031
1990-09-04,4.349179744720459
1990-09-05,4.422276973724365
1990-09-06,4.495370388031006
1990-09-07,4.45881986618042
1990-09-10,4.45881986618042
1990-09-11,4.495370388031006
1990-09-12,4.45881986618042
1990-09-13,4.477093696594238
1990-09-14,4.495370388031006
1990-09-17,4.605014324188232
1990-09-18,4.531919956207275
1990-09-19,4.531919956207275
1990-09-20,4.531919956207275
1990-09-21,4.531919956207275
1990-09-24,4.38572883605957
1990-09-25,4.349179744720459
1990-09-26,4.312629699707031
1990-09-27,3.9106061458587646
1990-09-28,3.8740580081939697
1990-10-01,3.9106061458587646
1990-10-02,4.056800365447998
1990-10-03,4.056800365447998
1990-10-04,4.166439056396484
1990-10-05,4.239539623260498
1990-10-08,4.239539623260498
1990-10-09,4.129892349243164
1990-10-10,4.075072288513184
1990-10-11,3.9106061458587646
1990-10-12,3.8740580081939697
1990-10-15,3.8009636402130127
1990-10-16,3.9106061458587646
1990-10-17,3.8375115394592285
1990-10-18,3.8375115394592285
1990-10-19,3.8375115394592285
1990-10-22,3.947155714035034
1990-10-23,3.9106061458587646
1990-10-24,3.947155714035034
1990-10-25,3.9106061458587646
1990-10-26,3.8740580081939697
1990-10-29,3.8740580081939697
1990-10-30,3.8375115394592285
1990-10-31,3.8375115394592285
1990-11-01,3.947155714035034
1990-11-02,4.038523197174072
1990-11-05,4.166439056396484
1990-11-06,4.166439056396484
1990-11-07,4.166439056396484
1990-11-08,4.166439056396484
1990-11-09,4.2029900550842285
1990-11-12,4.440547943115234
1990-11-13,4.312629699707031
1990-11-14,4.3788676261901855
1990-11-15,4.507656097412109
1990-11-16,4.452461242675781
1990-11-19,4.544456481933594
1990-11-20,4.562853813171387
1990-11-21,4.544456481933594
1990-11-23,4.4892578125
1990-11-26,4.526054859161377
1990-11-27,4.654844284057617
1990-11-28,4.654844284057617
1990-11-29,4.636445999145508
1990-11-30,4.636445999145508
1990-12-03,4.636445999145508
1990-12-04,4.7284417152404785
1990-12-05,4.930826663970947
1990-12-06,4.930826663970947
1990-12-07,4.894028186798096
1990-12-10,4.8572306632995605
1990-12-11,4.8572306632995605
1990-12-12,4.894028186798096
1990-12-13,4.930826663970947
1990-12-14,4.8572306632995605
1990-12-17,4.783636569976807
1990-12-18,4.8572306632995605
1990-12-19,4.8572306632995605
1990-12-20,4.820433139801025
1990-12-21,4.820433139801025
1990-12-24,4.820433139801025
1990-12-26,4.8572306632995605
1990-12-27,4.74683952331543
1990-12-28,4.544456481933594
1990-12-31,4.526054859161377
1991-01-02,4.507656097412109
1991-01-03,4.342069149017334
1991-01-04,4.305272579193115
1991-01-07,4.323669910430908
1991-01-08,4.3788676261901855
1991-01-09,4.342069149017334
1991-01-10,4.415663719177246
1991-01-11,4.4892578125
1991-01-14,4.3788676261901855
1991-01-15,4.452461242675781
1991-01-16,4.4892578125
1991-01-17,4.71004056930542
1991-01-18,4.599651336669922
1991-01-21,4.783636569976807
1991-01-22,4.673244476318359
1991-01-23,4.783636569976807
1991-01-24,4.8572306632995605
1991-01-25,4.949223518371582
1991-01-28,5.04121732711792
1991-01-29,4.894028186798096
1991-01-30,4.894028186798096
1991-01-31,4.96762228012085
1991-02-01,4.894028186798096
1991-02-04,4.930826663970947
1991-02-05,5.004418849945068
1991-02-06,5.114808559417725
1991-02-07,5.17000675201416
1991-02-08,5.114808559417725
1991-02-11,5.280398368835449
1991-02-12,5.254497051239014
1991-02-13,5.254497051239014
1991-02-14,5.402510643005371
1991-02-15,5.3285040855407715
1991-02-19,5.365506649017334
1991-02-20,5.365506649017334
1991-02-21,5.439512252807617
1991-02-22,5.365506649017334
1991-02-25,5.402510643005371
1991-02-26,5.51352071762085
1991-02-27,5.569022178649902
1991-02-28,5.624530792236328
1991-03-01,5.661531448364258
1991-03-04,5.809553146362305
1991-03-05,5.883556365966797
1991-03-06,5.735538482666016
1991-03-07,5.661531448364258
1991-03-08,5.698538303375244
1991-03-11,5.606027603149414
1991-03-12,5.587528228759766
1991-03-13,5.661531448364258
1991-03-14,5.606027603149414
1991-03-15,5.587528228759766
1991-03-18,5.587528228759766
1991-03-19,5.587528228759766
1991-03-20,5.550522327423096
1991-03-21,5.550522327423096
1991-03-22,5.587528228759766
1991-03-25,5.624530792236328
1991-03-26,5.550522327423096
1991-03-27,5.624530792236328
1991-03-28,5.698538303375244
1991-04-01,5.698538303375244
1991-04-02,5.698538303375244
1991-04-03,5.717040061950684
1991-04-04,5.754042625427246
1991-04-05,5.550522327423096
1991-04-08,5.476518154144287
1991-04-09,5.476518154144287
1991-04-10,5.624530792236328
1991-04-11,5.957559585571289
1991-04-12,5.883556365966797
1991-04-15,5.920560836791992
1991-04-16,6.068572998046875
1991-04-17,6.031570911407471
1991-04-18,6.031570911407471
1991-04-19,5.846556186676025
1991-04-22,5.846556186676025
1991-04-23,5.735538482666016
1991-04-24,5.698538303375244
1991-04-25,5.624530792236328
1991-04-26,5.476518154144287
1991-04-29,5.402510643005371
1991-04-30,5.51352071762085
1991-05-01,5.550522327423096
1991-05-02,5.569022178649902
1991-05-03,5.606027603149414
1991-05-06,5.643033504486084
1991-05-07,5.735538482666016
1991-05-08,5.680037975311279
1991-05-09,5.624530792236328
1991-05-10,5.624530792236328
1991-05-13,5.698538303375244
1991-05-14,5.698538303375244
1991-05-15,5.709697246551514
1991-05-16,5.691096782684326
1991-05-17,5.653902053833008
1991-05-20,5.728294372558594
1991-05-21,5.709697246551514
1991-05-22,5.728294372558594
1991-05-23,5.709697246551514
1991-05-24,5.691096782684326
1991-05-28,5.765488624572754
1991-05-29,5.728294372558594
1991-05-30,5.746893405914307
1991-05-31,5.765488624572754
1991-06-03,5.728294372558594
1991-06-04,5.746893405914307
1991-06-05,5.728294372558594
1991-06-06,5.765488624572754
1991-06-07,5.691096782684326
1991-06-10,5.691096782684326
1991-06-11,5.691096782684326
1991-06-12,5.691096782684326
1991-06-13,5.691096782684326
1991-06-14,5.728294372558594
1991-06-17,5.616707801818848
1991-06-18,5.505115032196045
1991-06-19,5.449321746826172
1991-06-20,5.4121246337890625
1991-06-21,5.3191328048706055
1991-06-24,5.207542419433594
1991-06-25,5.207542419433594
1991-06-26,5.170341968536377
1991-06-27,5.170341968536377
1991-06-28,5.058754920959473
1991-07-01,5.133150577545166
1991-07-02,5.058754920959473
1991-07-03,5.021556854248047
1991-07-05,5.058754920959473
1991-07-08,5.021556854248047
1991-07-09,5.095953464508057
1991-07-10,5.07735538482666
1991-07-11,5.095953464508057
1991-07-12,5.244739532470703
1991-07-15,5.2819366455078125
1991-07-16,5.356329917907715
1991-07-17,5.300533771514893
1991-07-18,5.393524646759033
1991-07-19,5.356329917907715
1991-07-22,5.393524646759033
1991-07-23,5.430723667144775
1991-07-24,5.5795063972473145
1991-07-25,5.653902053833008
1991-07-26,5.653902053833008
1991-07-29,5.598104476928711
1991-07-30,5.5795063972473145
1991-07-31,5.691096782684326
1991-08-01,5.616707801818848
1991-08-02,5.616707801818848
1991-08-05,5.5423126220703125
1991-08-06,5.5795063972473145
1991-08-07,5.653902053833008
1991-08-08,5.653902053833008
1991-08-09,5.635303497314453
1991-08-12,5.653902053833008
1991-08-13,5.691096782684326
1991-08-14,5.728538513183594
1991-08-15,5.691098690032959
1991-08-16,5.691098690032959
1991-08-19,5.578774929046631
1991-08-20,5.578774929046631
1991-08-21,5.634934902191162
1991-08-22,5.616213321685791
1991-08-23,5.634934902191162
1991-08-26,5.616213321685791
1991-08-27,5.616213321685791
1991-08-28,5.653659820556641
1991-08-29,5.747263431549072
1991-08-30,5.653659820556641
1991-09-03,5.691098690032959
1991-09-04,5.691098690032959
1991-09-05,5.709819793701172
1991-09-06,5.67237663269043
1991-09-09,5.728538513183594
1991-09-10,5.653659820556641
1991-09-11,5.653659820556641
1991-09-12,5.653659820556641
1991-09-13,5.691098690032959
1991-09-16,5.653659820556641
1991-09-17,5.653659820556641
1991-09-18,5.653659820556641
1991-09-19,5.653659820556641
1991-09-20,5.691098690032959
1991-09-23,5.653659820556641
1991-09-24,5.728538513183594
1991-09-25,5.728538513183594
1991-09-26,5.728538513183594
1991-09-27,5.653659820556641
1991-09-30,5.54133415222168
1991-10-01,5.48517370223999
1991-10-02,5.466450214385986
1991-10-03,5.429008960723877
1991-10-04,5.391567230224609
1991-10-07,5.3728485107421875
1991-10-08,5.279244899749756
1991-10-09,5.2418012619018555
1991-10-10,5.2418012619018555
1991-10-11,5.260522842407227
1991-10-14,5.260522842407227
1991-10-15,5.279244899749756
1991-10-16,5.2418012619018555
1991-10-17,5.12947940826416
1991-10-18,5.12947940826416
1991-10-21,5.054594993591309
1991-10-22,5.054594993591309
1991-10-23,5.054594993591309
1991-10-24,5.07331657409668
1991-10-25,5.185642242431641
1991-10-28,5.185642242431641
1991-10-29,5.092036724090576
1991-10-30,5.148195266723633
1991-10-31,5.12947940826416
1991-11-01,5.092036724090576
1991-11-04,5.035874843597412
1991-11-05,5.092036724090576
1991-11-06,5.07331657409668
1991-11-07,5.07331657409668
1991-11-08,5.035874843597412
1991-11-11,5.054594993591309
1991-11-12,5.092036724090576
1991-11-13,5.054314613342285
1991-11-14,5.11089563369751
1991-11-15,5.054314613342285
1991-11-18,5.092037200927734
1991-11-19,4.978878498077393
1991-11-20,5.016598224639893
1991-11-21,5.054314613342285
1991-11-22,5.016598224639893
1991-11-25,5.016598224639893
1991-11-26,5.167474269866943
1991-11-27,5.280630588531494
1991-11-29,5.280630588531494
1991-12-02,5.2429094314575195
1991-12-03,5.092037200927734
1991-12-04,5.129754543304443
1991-12-05,5.11089563369751
1991-12-06,5.016598224639893
1991-12-09,4.978878498077393
1991-12-10,4.884582996368408
1991-12-11,4.790287494659424
1991-12-12,4.771424293518066
1991-12-13,4.865723133087158
1991-12-16,4.941162109375
1991-12-17,4.903438091278076
1991-12-18,4.865723133087158
1991-12-19,4.828004360198975
1991-12-20,4.790287494659424
1991-12-23,4.75256872177124
1991-12-24,4.75256872177124
1991-12-26,4.75256872177124
1991-12-27,4.865723133087158
1991-12-30,5.035458564758301
1991-12-31,5.393787860870361
1992-01-02,5.431506633758545
1992-01-03,5.393787860870361
1992-01-06,5.2240495681762695
1992-01-07,5.280630588531494
1992-01-08,5.299488067626953
1992-01-09,5.3560686111450195
1992-01-10,5.2429094314575195
1992-01-13,5.2429094314575195
1992-01-14,5.299488067626953
1992-01-15,5.431506633758545
1992-01-16,5.431506633758545
1992-01-17,5.3560686111450195
1992-01-20,5.299488067626953
1992-01-21,5.318349361419678
1992-01-22,5.318349361419678
1992-01-23,5.393787860870361
1992-01-24,5.393787860870361
1992-01-27,5.393787860870361
1992-01-28,5.431506633758545
1992-01-29,5.450362205505371
1992-01-30,5.506942272186279
1992-01-31,5.431506633758545
1992-02-03,5.412647247314453
1992-02-04,5.506942272186279
1992-02-05,5.4309868812561035
1992-02-06,5.393006324768066
1992-02-07,5.241089820861816
1992-02-10,5.3170485496521
1992-02-11,5.3170485496521
1992-02-12,5.3550286293029785
1992-02-13,5.3170485496521
1992-02-14,5.241089820861816
1992-02-18,5.203113079071045
1992-02-19,5.203113079071045
1992-02-20,5.165131568908691
1992-02-21,5.146142959594727
1992-02-24,5.12715482711792
1992-02-25,5.203113079071045
1992-02-26,5.279067516326904
1992-02-27,5.165131568908691
1992-02-28,5.165131568908691
1992-03-02,5.12715482711792
1992-03-03,5.165131568908691
1992-03-04,5.203113079071045
1992-03-05,5.165131568908691
1992-03-06,5.184122085571289
1992-03-09,5.165131568908691
1992-03-10,5.165131568908691
1992-03-11,5.203113079071045
1992-03-12,5.165131568908691
1992-03-13,5.165131568908691
1992-03-16,5.165131568908691
1992-03-17,5.089170455932617
1992-03-18,5.070184707641602
1992-03-19,5.070184707641602
1992-03-20,5.089170455932617
1992-03-23,5.089170455932617
1992-03-24,5.203113079071045
1992-03-25,5.203113079071045
1992-03-26,5.165131568908691
1992-03-27,5.184122085571289
1992-03-30,5.203113079071045
1992-03-31,5.12715482711792
1992-04-01,5.165131568908691
1992-04-02,5.013216495513916
1992-04-03,5.013216495513916
1992-04-06,5.051196098327637
1992-04-07,5.032204627990723
1992-04-08,4.975238800048828
1992-04-09,5.089170455932617
1992-04-10,5.013216495513916
1992-04-13,5.032204627990723
1992-04-14,5.013216495513916
1992-04-15,5.013216495513916
1992-04-16,5.051196098327637
1992-04-20,5.184122085571289
1992-04-21,5.165131568908691
1992-04-22,5.12715482711792
1992-04-23,5.013216495513916
1992-04-24,5.051196098327637
1992-04-27,5.013216495513916
1992-04-28,5.089170455932617
1992-04-29,5.12715482711792
1992-04-30,5.165131568908691
1992-05-01,5.241089820861816
1992-05-04,5.279067516326904
1992-05-05,5.3550286293029785
1992-05-06,5.488906383514404
1992-05-07,5.24027681350708
1992-05-08,5.221155643463135
1992-05-11,5.24027681350708
1992-05-12,5.202025890350342
1992-05-13,5.24027681350708
1992-05-14,5.221155643463135
1992-05-15,5.221155643463135
1992-05-18,5.278525352478027
1992-05-19,5.202025890350342
1992-05-20,5.202025890350342
1992-05-21,5.24027681350708
1992-05-22,5.24027681350708
1992-05-26,5.202025890350342
1992-05-27,5.221155643463135
1992-05-28,5.259397029876709
1992-05-29,5.259397029876709
1992-06-01,5.278525352478027
1992-06-02,5.335901737213135
1992-06-03,5.355027198791504
1992-06-04,5.278525352478027
1992-06-05,5.24027681350708
1992-06-08,5.24027681350708
1992-06-09,5.278525352478027
1992-06-10,5.24027681350708
1992-06-11,5.16377592086792
1992-06-12,5.278525352478027
1992-06-15,5.125525951385498
1992-06-16,5.202025890350342
1992-06-17,5.144649028778076
1992-06-18,5.125525951385498
1992-06-19,5.087274551391602
1992-06-22,5.010775566101074
1992-06-23,5.0681471824646
1992-06-24,5.0681471824646
1992-06-25,5.125525951385498
1992-06-26,5.106400966644287
1992-06-29,5.16377592086792
1992-06-30,5.202025890350342
1992-07-01,5.16377592086792
1992-07-02,5.125525951385498
1992-07-06,5.259397029876709
1992-07-07,5.259397029876709
1992-07-08,5.202025890350342
1992-07-09,5.297652721405029
1992-07-10,5.316771030426025
1992-07-13,5.278525352478027
1992-07-14,5.3932785987854
1992-07-15,5.355027198791504
1992-07-16,5.508026599884033
1992-07-17,5.450652599334717
1992-07-20,5.431529521942139
1992-07-21,5.3932785987854
1992-07-22,5.450652599334717
1992-07-23,5.431529521942139
1992-07-24,5.546275615692139
1992-07-27,5.508026599884033
1992-07-28,5.469776630401611
1992-07-29,5.508026599884033
1992-07-30,5.508026599884033
1992-07-31,5.431529521942139
1992-08-03,5.469776630401611
1992-08-04,5.431529521942139
1992-08-05,5.670701026916504
1992-08-06,5.632123947143555
1992-08-07,5.670701026916504
1992-08-10,5.554969787597656
1992-08-11,5.709273338317871
1992-08-12,5.709273338317871
1992-08-13,5.670701026916504
1992-08-14,5.709273338317871
1992-08-17,5.709273338317871
1992-08-18,5.670701026916504
1992-08-19,5.651411056518555
1992-08-20,5.670701026916504
1992-08-21,5.632123947143555
1992-08-24,5.670701026916504
1992-08-25,5.632123947143555
1992-08-26,5.593543529510498
1992-08-27,5.51639461517334
1992-08-28,5.51639461517334
1992-08-31,5.477822303771973
1992-09-01,5.49710750579834
1992-09-02,5.51639461517334
1992-09-03,5.632123947143555
1992-09-04,5.632123947143555
1992-09-08,5.747851371765137
1992-09-09,5.747851371765137
1992-09-10,5.709273338317871
1992-09-11,5.709273338317871
1992-09-14,5.805717468261719
1992-09-15,5.786425590515137
1992-09-16,5.7671403884887695
1992-09-17,5.825005054473877
1992-09-18,5.844292640686035
1992-09-21,5.786425590515137
1992-09-22,5.5742597579956055
1992-09-23,5.51639461517334
1992-09-24,5.51639461517334
1992-09-25,5.632123947143555
1992-09-28,5.554969787597656
1992-09-29,5.554969787597656
1992-09-30,5.670701026916504
1992-10-01,5.709273338317871
1992-10-02,5.670701026916504
1992-10-05,5.670701026916504
1992-10-06,5.825005054473877
1992-10-07,5.882870674133301
1992-10-08,5.960020542144775
1992-10-09,5.979308128356934
1992-10-12,6.09503698348999
1992-10-13,6.056461334228516
1992-10-14,6.017886638641357
1992-10-15,6.056461334228516
1992-10-16,6.017886638641357
1992-10-19,5.998597621917725
1992-10-20,6.017886638641357
1992-10-21,5.979308128356934
1992-10-22,5.940732955932617
1992-10-23,5.979308128356934
1992-10-26,5.940732955932617
1992-10-27,5.979308128356934
1992-10-28,6.017886638641357
1992-10-29,5.979308128356934
1992-10-30,5.979308128356934
1992-11-02,5.940732955932617
1992-11-03,5.940732955932617
1992-11-04,6.065147399902344
1992-11-05,6.026266574859619
1992-11-06,6.026266574859619
1992-11-09,6.026266574859619
1992-11-10,5.929070472717285
1992-11-11,5.929070472717285
1992-11-12,5.8707499504089355
1992-11-13,5.754110336303711
1992-11-16,5.715235233306885
1992-11-17,5.676355361938477
1992-11-18,5.715235233306885
1992-11-19,5.715235233306885
1992-11-20,5.715235233306885
1992-11-23,5.676355361938477
1992-11-24,5.9873881340026855
1992-11-25,5.9873881340026855
1992-11-27,5.9873881340026855
1992-11-30,6.006827354431152
1992-12-01,5.9873881340026855
1992-12-02,5.9873881340026855
1992-12-03,6.026266574859619
1992-12-04,6.1040263175964355
1992-12-07,6.065147399902344
1992-12-08,6.045707702636719
1992-12-09,6.026266574859619
1992-12-10,5.9873881340026855
1992-12-11,5.909631729125977
1992-12-14,5.831869125366211
1992-12-15,5.754110336303711
1992-12-16,5.909631729125977
1992-12-17,5.9873881340026855
1992-12-18,6.084585189819336
1992-12-21,6.1040263175964355
1992-12-22,6.142903804779053
1992-12-23,6.395616054534912
1992-12-24,6.609455108642578
1992-12-28,6.531696796417236
1992-12-29,6.5511369705200195
1992-12-30,6.609455108642578
1992-12-31,6.648332595825195
1993-01-04,6.609455108642578
1993-01-05,6.531696796417236
1993-01-06,6.512253761291504
1993-01-07,6.240104675292969
1993-01-08,6.065147399902344
1993-01-11,6.065147399902344
1993-01-12,6.1234636306762695
1993-01-13,6.162342071533203
1993-01-14,6.1040263175964355
1993-01-15,6.142903804779053
1993-01-18,6.181783676147461
1993-01-19,6.162342071533203
1993-01-20,6.142903804779053
1993-01-21,6.25954008102417
1993-01-22,6.376181125640869
1993-01-25,6.33729887008667
1993-01-26,6.415055274963379
1993-01-27,6.395616054534912
1993-01-28,6.376181125640869
1993-01-29,6.45393705368042
1993-02-01,6.415055274963379
1993-02-02,6.415055274963379
1993-02-03,6.6872124671936035
1993-02-04,6.726089954376221
1993-02-05,6.6872124671936035
1993-02-08,6.764969825744629
1993-02-09,6.733651638031006
1993-02-10,6.674927234649658
1993-02-11,6.772798538208008
1993-02-12,6.851099967956543
1993-02-16,6.733651638031006
1993-02-17,6.616204738616943
1993-02-18,6.498756408691406
1993-02-19,6.537906646728516
1993-02-22,6.479179382324219
1993-02-23,6.420460224151611
1993-02-24,6.635777473449707
1993-02-25,6.65535306930542
1993-02-26,6.577055931091309
1993-03-01,6.616204738616943
1993-03-02,6.577055931091309
1993-03-03,6.694502353668213
1993-03-04,6.714072227478027
1993-03-05,6.65535306930542
1993-03-08,6.65535306930542
1993-03-09,6.65535306930542
1993-03-10,6.616204738616943
1993-03-11,6.674927234649658
1993-03-12,6.694502353668213
1993-03-15,6.733651638031006
1993-03-16,6.811948776245117
1993-03-17,6.65535306930542
1993-03-18,6.733651638031006
1993-03-19,6.616204738616943
1993-03-22,6.616204738616943
1993-03-23,6.498756408691406
1993-03-24,6.420460224151611
1993-03-25,6.440029144287109
1993-03-26,6.459604263305664
1993-03-29,6.303009033203125
1993-03-30,6.400883197784424
1993-03-31,6.537906646728516
1993-04-01,6.537906646728516
1993-04-02,6.537906646728516
1993-04-05,6.616204738616943
1993-04-06,6.577055931091309
1993-04-07,6.851099967956543
1993-04-08,6.929397106170654
1993-04-12,7.085994720458984
1993-04-13,7.203441619873047
1993-04-14,7.242588520050049
1993-04-15,7.242588520050049
1993-04-16,7.203441619873047
1993-04-19,7.223016262054443
1993-04-20,7.203441619873047
1993-04-21,7.125141143798828
1993-04-22,7.0468430519104
1993-04-23,7.007695198059082
1993-04-26,6.772798538208008
1993-04-27,6.792376518249512
1993-04-28,6.772798538208008
1993-04-29,6.733651638031006
1993-04-30,6.811948776245117
1993-05-03,6.870675086975098
1993-05-04,6.968544960021973
1993-05-05,6.968544960021973
1993-05-06,7.0468430519104
1993-05-07,7.0468430519104
1993-05-10,7.085994720458984
1993-05-11,7.164290904998779
1993-05-12,7.270692348480225
1993-05-13,7.19187593460083
1993-05-14,7.19187593460083
1993-05-17,7.132766246795654
1993-05-18,7.053951740264893
1993-05-19,6.817503452301025
1993-05-20,6.9160237312316895
1993-05-21,6.817503452301025
1993-05-24,6.817503452301025
1993-05-25,6.77810001373291
1993-05-26,7.01454496383667
1993-05-27,6.896321773529053
1993-05-28,6.817503452301025
1993-06-01,6.896321773529053
1993-06-02,6.935728073120117
1993-06-03,6.8569135665893555
1993-06-04,6.935728073120117
1993-06-07,6.896321773529053
1993-06-08,6.896321773529053
1993-06-09,6.77810001373291
1993-06-10,6.8569135665893555
1993-06-11,6.817503452301025
1993-06-14,6.77810001373291
1993-06-15,6.640172481536865
1993-06-16,6.541651725769043
1993-06-17,6.640172481536865
1993-06-18,6.935728073120117
1993-06-21,7.093356132507324
1993-06-22,7.053951740264893
1993-06-23,6.817503452301025
1993-06-24,6.975134372711182
1993-06-25,6.8569135665893555
1993-06-28,7.053951740264893
1993-06-29,7.093356132507324
1993-06-30,7.172171115875244
1993-07-01,7.07365608215332
1993-07-02,7.01454496383667
1993-07-06,6.738687515258789
1993-07-07,6.876613616943359
1993-07-08,6.955433368682861
1993-07-09,6.9160237312316895
1993-07-12,6.935728073120117
1993-07-13,6.994839191436768
1993-07-14,6.955433368682861
1993-07-15,6.896321773529053
1993-07-16,6.8569135665893555
1993-07-19,6.817503452301025
1993-07-20,6.935728073120117
1993-07-21,6.8569135665893555
1993-07-22,6.77810001373291
1993-07-23,6.896321773529053
1993-07-26,6.738687515258789
1993-07-27,6.738687515258789
1993-07-28,6.8569135665893555
1993-07-29,6.896321773529053
1993-07-30,7.01454496383667
1993-08-02,6.9160237312316895
1993-08-03,6.896321773529053
1993-08-04,7.071113586425781
1993-08-05,6.951936721801758
1993-08-06,6.8724846839904785
1993-08-09,6.951936721801758
1993-08-10,6.951936721801758
1993-08-11,6.912210464477539
1993-08-12,6.8724846839904785
1993-08-13,6.8724846839904785
1993-08-16,6.8923492431640625
1993-08-17,6.832761764526367
1993-08-18,6.812896728515625
1993-08-19,6.753307819366455
1993-08-20,6.73344612121582
1993-08-23,6.673858165740967
1993-08-24,6.753307819366455
1993-08-25,6.8724846839904785
1993-08-26,6.971797943115234
1993-08-27,6.991661071777344
1993-08-30,6.912210464477539
1993-08-31,7.150557994842529
1993-09-01,6.951936721801758
1993-09-02,6.8724846839904785
1993-09-03,6.912210464477539
1993-09-07,6.8724846839904785
1993-09-08,6.7731709480285645
1993-09-09,6.793034553527832
1993-09-10,6.73344612121582
1993-09-13,6.832761764526367
1993-09-14,6.832761764526367
1993-09-15,6.793034553527832
1993-09-16,6.7731709480285645
1993-09-17,6.793034553527832
1993-09-20,6.7731709480285645
1993-09-21,6.73344612121582
1993-09-22,6.832761764526367
1993-09-23,6.912210464477539
1993-09-24,6.912210464477539
1993-09-27,6.852622032165527
1993-09-28,7.071113586425781
1993-09-29,7.031385898590088
1993-09-30,7.031385898590088
1993-10-01,7.071113586425781
1993-10-04,7.071113586425781
1993-10-05,6.991661071777344
1993-10-06,7.130698204040527
1993-10-07,7.190287113189697
1993-10-08,7.190287113189697
1993-10-11,7.190287113189697
1993-10-12,7.130698204040527
1993-10-13,7.190287113189697
1993-10-14,7.110836982727051
1993-10-15,7.110836982727051
1993-10-18,6.8724846839904785
1993-10-19,6.912210464477539
1993-10-20,6.932070255279541
1993-10-21,7.09097957611084
1993-10-22,7.1704254150390625
1993-10-25,7.110836982727051
1993-10-26,7.071113586425781
1993-10-27,7.071113586425781
1993-10-28,7.071113586425781
1993-10-29,7.150557994842529
1993-11-01,7.031385898590088
1993-11-02,6.912210464477539
1993-11-03,6.554678440093994
1993-11-04,6.475231647491455
1993-11-05,6.594407081604004
1993-11-08,6.514956474304199
1993-11-09,6.6311516761779785
1993-11-10,6.611117839813232
1993-11-11,6.851527214050293
1993-11-12,6.811455726623535
1993-11-15,6.8314900398254395
1993-11-16,6.871559143066406
1993-11-17,6.79141902923584
1993-11-18,6.79141902923584
1993-11-19,6.691251754760742
1993-11-22,6.611117839813232
1993-11-23,6.651183605194092
1993-11-24,6.71128511428833
1993-11-26,6.731321334838867
1993-11-29,6.771392345428467
1993-11-30,6.651183605194092
1993-12-01,6.71128511428833
1993-12-02,6.651183605194092
1993-12-03,6.651183605194092
1993-12-06,6.731321334838867
1993-12-07,6.611117839813232
1993-12-08,6.571050643920898
1993-12-09,6.410783290863037
1993-12-10,6.611117839813232
1993-12-13,6.691251754760742
1993-12-14,6.611117839813232
1993-12-15,6.611117839813232
1993-12-16,6.571050643920898
1993-12-17,6.490917682647705
1993-12-20,6.490917682647705
1993-12-21,6.490917682647705
1993-12-22,6.5309834480285645
1993-12-23,6.691251754760742
1993-12-27,6.771392345428467
1993-12-28,6.811455726623535
1993-12-29,6.851527214050293
1993-12-30,6.811455726623535
1993-12-31,6.97172212600708
1994-01-03,6.891590118408203
1994-01-04,6.811455726623535
1994-01-05,6.851527214050293
1994-01-06,6.851527214050293
1994-01-07,6.811455726623535
1994-01-10,6.931657791137695
1994-01-11,6.8314900398254395
1994-01-12,6.8314900398254395
1994-01-13,6.731321334838867
1994-01-14,6.691251754760742
1994-01-17,6.771392345428467
1994-01-18,6.731321334838867
1994-01-19,6.811455726623535
1994-01-20,6.691251754760742
1994-01-21,6.811455726623535
1994-01-24,6.691251754760742
1994-01-25,6.771392345428467
1994-01-26,6.851527214050293
1994-01-27,6.811455726623535
1994-01-28,6.8314900398254395
1994-01-31,6.891590118408203
1994-02-01,6.771392345428467
1994-02-02,6.79141902923584
1994-02-03,6.771392345428467
1994-02-04,6.731321334838867
1994-02-07,6.611117839813232
1994-02-08,6.611117839813232
1994-02-09,6.687898635864258
1994-02-10,6.627282619476318
1994-02-11,6.667695999145508
1994-02-14,6.627282619476318
1994-02-15,6.5868706703186035
1994-02-16,6.627282619476318
1994-02-17,6.728309154510498
1994-02-18,6.708104610443115
1994-02-22,6.667695999145508
1994-02-23,6.667695999145508
1994-02-24,6.748512268066406
1994-02-25,6.627282619476318
1994-02-28,6.667695999145508
1994-03-01,6.5868706703186035
1994-03-02,6.546459197998047
1994-03-03,6.546459197998047
1994-03-04,6.546459197998047
1994-03-07,6.5060553550720215
1994-03-08,6.5060553550720215
1994-03-09,6.5060553550720215
1994-03-10,6.627282619476318
1994-03-11,6.5060553550720215
1994-03-14,6.5060553550720215
1994-03-15,6.5868706703186035
1994-03-16,6.546459197998047
1994-03-17,6.526256561279297
1994-03-18,6.5868706703186035
1994-03-21,6.5060553550720215
1994-03-22,6.5060553550720215
1994-03-23,6.5060553550720215
1994-03-24,6.526256561279297
1994-03-25,6.465641975402832
1994-03-28,6.425230026245117
1994-03-29,6.425230026245117
1994-03-30,6.425230026245117
1994-03-31,6.5060553550720215
1994-04-04,6.2635931968688965
1994-04-05,6.344413757324219
1994-04-06,6.304001808166504
1994-04-07,6.304001808166504
1994-04-08,6.304001808166504
1994-04-11,6.344413757324219
1994-04-12,6.344413757324219
1994-04-13,6.2838006019592285
1994-04-14,6.304001808166504
1994-04-15,6.384820938110352
1994-04-18,6.2635931968688965
1994-04-19,6.344413757324219
1994-04-20,6.2635931968688965
1994-04-21,6.3242058753967285
1994-04-22,6.344413757324219
1994-04-25,6.2635931968688965
1994-04-26,6.304001808166504
1994-04-28,6.304001808166504
1994-04-29,6.304001808166504
1994-05-02,6.3242058753967285
1994-05-03,6.2635931968688965
1994-05-04,6.2635931968688965
1994-05-05,6.344413757324219
1994-05-06,6.384820938110352
1994-05-09,6.304001808166504
1994-05-10,6.384820938110352
1994-05-11,6.401132106781006
1994-05-12,6.482670783996582
1994-05-13,6.441901683807373
1994-05-16,6.401132106781006
1994-05-17,6.360360622406006
1994-05-18,6.441901683807373
1994-05-19,6.360360622406006
1994-05-20,6.482670783996582
1994-05-23,6.441901683807373
1994-05-24,6.441901683807373
1994-05-25,6.604986190795898
1994-05-26,6.604986190795898
1994-05-27,6.64575719833374
1994-05-31,6.6559529304504395
1994-06-01,6.604986190795898
1994-06-02,6.6151814460754395
1994-06-03,6.666146278381348
1994-06-06,6.64575719833374
1994-06-07,6.768073558807373
1994-06-08,6.768073558807373
1994-06-09,6.768073558807373
1994-06-10,6.727301120758057
1994-06-13,6.727301120758057
1994-06-14,6.7069196701049805
1994-06-15,6.686532020568848
1994-06-16,6.686532020568848
1994-06-17,6.768073558807373
1994-06-20,6.564218044281006
1994-06-21,6.564218044281006
1994-06-22,6.564218044281006
1994-06-23,6.5234456062316895
1994-06-24,6.503057479858398
1994-06-27,6.564218044281006
1994-06-28,6.482670783996582
1994-06-29,6.503057479858398
1994-06-30,6.5234456062316895
1994-07-01,6.564218044281006
1994-07-05,6.482670783996582
1994-07-06,6.421515941619873
1994-07-07,6.370551586151123
1994-07-08,6.380743980407715
1994-07-11,6.319588661193848
1994-07-12,6.360360622406006
1994-07-13,6.278814792633057
1994-07-14,6.360360622406006
1994-07-15,6.278814792633057
1994-07-18,6.319588661193848
1994-07-19,6.360360622406006
1994-07-20,6.278814792633057
1994-07-21,6.360360622406006
1994-07-22,6.319588661193848
1994-07-25,6.319588661193848
1994-07-26,6.441901683807373
1994-07-27,6.482670783996582
1994-07-28,6.482670783996582
1994-07-29,6.727301120758057
1994-08-01,6.727301120758057
1994-08-02,6.482670783996582
1994-08-03,7.9504475593566895
1994-08-04,7.624274253845215
1994-08-05,7.991217613220215
1994-08-08,7.828126907348633
1994-08-09,7.787363529205322
1994-08-10,7.770916938781738
1994-08-11,7.976499557495117
1994-08-12,7.89425802230835
1994-08-15,7.95593786239624
1994-08-16,7.976499557495117
1994-08-17,8.202631950378418
1994-08-18,8.26430606842041
1994-08-19,8.26430606842041
1994-08-22,8.305428504943848
1994-08-23,8.397931098937988
1994-08-24,8.223189353942871
1994-08-25,8.202631950378418
1994-08-26,8.099845886230469
1994-08-29,8.120399475097656
1994-08-30,8.182077407836914
1994-08-31,8.223189353942871
1994-09-01,8.017607688903809
1994-09-02,7.976499557495117
1994-09-06,7.93537712097168
1994-09-07,8.017607688903809
1994-09-08,7.986776828765869
1994-09-09,7.93537712097168
1994-09-12,7.914824485778809
1994-09-13,7.863428115844727
1994-09-14,7.853147506713867
1994-09-15,7.853147506713867
1994-09-16,7.976499557495117
1994-09-19,7.873708248138428
1994-09-20,7.853147506713867
1994-09-21,7.853147506713867
1994-09-22,7.863428115844727
1994-09-23,7.853147506713867
1994-09-26,7.93537712097168
1994-09-27,7.822310447692871
1994-09-28,7.873708248138428
1994-09-29,7.93537712097168
1994-09-30,7.93537712097168
1994-10-03,7.863428115844727
1994-10-04,7.89425802230835
1994-10-05,7.812033176422119
1994-10-06,7.812033176422119
1994-10-07,7.688684940338135
1994-10-10,7.770916938781738
1994-10-11,7.688684940338135
1994-10-12,7.729801654815674
1994-10-13,7.729801654815674
1994-10-14,7.688684940338135
1994-10-17,7.729801654815674
1994-10-18,7.812033176422119
1994-10-19,7.770916938781738
1994-10-20,7.729801654815674
1994-10-21,7.688684940338135
1994-10-24,7.400869369506836
1994-10-25,7.400869369506836
1994-10-26,7.3597540855407715
1994-10-27,7.441987991333008
1994-10-28,7.400869369506836
1994-10-31,7.441987991333008
1994-11-01,7.3597540855407715
1994-11-02,7.277523994445801
1994-11-03,7.339195251464844
1994-11-04,7.3597540855407715
1994-11-07,7.400869369506836
1994-11-08,7.384280681610107
1994-11-09,7.529475688934326
1994-11-10,7.425762176513672
1994-11-11,7.384280681610107
1994-11-14,7.322049617767334
1994-11-15,7.322049617767334
1994-11-16,7.301307201385498
1994-11-17,7.301307201385498
1994-11-18,7.384280681610107
1994-11-21,7.301307201385498
1994-11-22,7.259825229644775
1994-11-23,7.322049617767334
1994-11-25,7.322049617767334
1994-11-28,7.384280681610107
1994-11-29,7.259825229644775
1994-11-30,7.259825229644775
1994-12-01,7.197597503662109
1994-12-02,7.1768574714660645
1994-12-05,7.1768574714660645
1994-12-06,7.1768574714660645
1994-12-07,7.093888282775879
1994-12-08,7.0109148025512695
1994-12-09,6.969429016113281
1994-12-12,6.886459827423096
1994-12-13,6.886459827423096
1994-12-14,7.135371208190918
1994-12-15,7.0109148025512695
1994-12-16,6.969429016113281
1994-12-19,6.969429016113281
1994-12-20,7.0109148025512695
1994-12-21,7.093888282775879
1994-12-22,7.218342304229736
1994-12-23,7.0109148025512695
1994-12-27,7.135371208190918
1994-12-28,7.363540172576904
1994-12-29,7.1768574714660645
1994-12-30,7.135371208190918
1995-01-03,7.301307201385498
1995-01-04,7.259825229644775
1995-01-05,7.467249393463135
1995-01-06,7.384280681610107
1995-01-09,7.239080905914307
1995-01-10,7.1768574714660645
1995-01-11,7.508732318878174
1995-01-12,7.612443447113037
1995-01-13,7.550216197967529
1995-01-16,7.550216197967529
1995-01-17,7.716155529022217
1995-01-18,7.757641315460205
1995-01-19,7.674667835235596
1995-01-20,7.6331868171691895
1995-01-23,7.653932094573975
1995-01-24,7.736899375915527
1995-01-25,7.882093906402588
1995-01-26,7.965062618255615
1995-01-27,7.757641315460205
1995-01-30,7.674667835235596
1995-01-31,7.59169864654541
1995-02-01,7.550216197967529
1995-02-02,7.467249393463135
1995-02-03,7.59169864654541
1995-02-06,7.674667835235596
1995-02-07,7.861351013183594
1995-02-08,8.029060363769531
1995-02-09,7.966170787811279
1995-02-10,7.882318019866943
1995-02-13,7.819424629211426
1995-02-14,8.050026893615723
1995-02-15,8.008092880249023
1995-02-16,8.133879661560059
1995-02-17,7.924243450164795
1995-02-21,7.987133026123047
1995-02-22,8.154842376708984
1995-02-23,8.196770668029785
1995-02-24,8.133879661560059
1995-02-27,8.175809860229492
1995-02-28,8.217735290527344
1995-03-01,8.091947555541992
1995-03-02,8.280624389648438
1995-03-03,8.259663581848145
1995-03-06,8.280624389648438
1995-03-07,8.217735290527344
1995-03-08,8.217735290527344
1995-03-09,8.343515396118164
1995-03-10,8.343515396118164
1995-03-13,8.385443687438965
1995-03-14,8.343515396118164
1995-03-15,8.364480972290039
1995-03-16,8.448333740234375
1995-03-17,8.322547912597656
1995-03-20,8.291105270385742
1995-03-21,8.280624389648438
1995-03-22,8.301586151123047
1995-03-23,8.217735290527344
1995-03-24,8.217735290527344
1995-03-27,8.259663581848145
1995-03-28,8.175809860229492
1995-03-29,8.175809860229492
1995-03-30,8.217735290527344
1995-03-31,8.133879661560059
1995-04-03,8.091947555541992
1995-04-04,7.945204734802246
1995-04-05,7.819424629211426
1995-04-06,7.882318019866943
1995-04-07,7.798463821411133
1995-04-10,7.924243450164795
1995-04-11,7.966170787811279
1995-04-12,8.11291790008545
1995-04-13,8.070990562438965
1995-04-17,8.175809860229492
1995-04-18,8.133879661560059
1995-04-19,8.008092880249023
1995-04-20,8.050026893615723
1995-04-21,8.070990562438965
1995-04-24,8.008092880249023
1995-04-25,8.154842376708984
1995-04-26,8.008092880249023
1995-04-27,8.091947555541992
1995-04-28,8.050026893615723
1995-05-01,8.133879661560059
1995-05-02,8.154842376708984
1995-05-03,8.091947555541992
1995-05-04,8.133879661560059
1995-05-05,8.091947555541992
1995-05-08,8.217735290527344
1995-05-09,8.175809860229492
1995-05-10,8.196989059448242
1995-05-11,8.196989059448242
1995-05-12,8.26052474975586
1995-05-15,8.26052474975586
1995-05-16,8.302892684936523
1995-05-17,8.387614250183105
1995-05-18,8.387614250183105
1995-05-19,8.26052474975586
1995-05-22,8.429973602294922
1995-05-23,8.302892684936523
1995-05-24,8.387614250183105
1995-05-25,8.324075698852539
1995-05-26,8.387614250183105
1995-05-30,8.26052474975586
1995-05-31,8.302892684936523
1995-06-01,8.345250129699707
1995-06-02,8.302892684936523
1995-06-05,8.345250129699707
1995-06-06,8.218167304992676
1995-06-07,8.218167304992676
1995-06-08,8.239347457885742
1995-06-09,8.26052474975586
1995-06-12,8.26052474975586
1995-06-13,8.281717300415039
1995-06-14,8.218167304992676
1995-06-15,8.218167304992676
1995-06-16,8.26052474975586
1995-06-19,8.133445739746094
1995-06-20,8.218167304992676
1995-06-21,8.133445739746094
1995-06-22,8.2923002243042
1995-06-23,8.429973602294922
1995-06-26,8.26052474975586
1995-06-27,8.26052474975586
1995-06-28,8.175809860229492
1995-06-29,8.133445739746094
1995-06-30,8.048723220825195
1995-07-03,8.006362915039062
1995-07-05,7.836912631988525
1995-07-06,7.836912631988525
1995-07-07,7.900457859039307
1995-07-10,7.879275321960449
1995-07-11,7.836912631988525
1995-07-12,7.900457859039307
1995-07-13,7.921638488769531
1995-07-14,7.900457859039307
1995-07-17,7.879275321960449
1995-07-18,7.836912631988525
1995-07-19,7.709828853607178
1995-07-20,7.667466640472412
1995-07-21,7.794552803039551
1995-07-24,7.900457859039307
1995-07-25,7.942813873291016
1995-07-26,7.921638488769531
1995-07-27,8.048723220825195
1995-07-28,8.048723220825195
1995-07-31,7.963996410369873
1995-08-01,7.985180854797363
1995-08-02,8.175809860229492
1995-08-03,8.196989059448242
1995-08-04,8.196989059448242
1995-08-07,8.15462875366211
1995-08-08,8.226112365722656
1995-08-09,8.218167304992676
1995-08-10,8.239347457885742
1995-08-11,8.303552627563477
1995-08-14,8.282153129577637
1995-08-15,8.260750770568848
1995-08-16,8.260750770568848
1995-08-17,8.303552627563477
1995-08-18,8.217947959899902
1995-08-21,8.132349967956543
1995-08-22,8.132349967956543
1995-08-23,8.153740882873535
1995-08-24,8.046740531921387
1995-08-25,8.132349967956543
1995-08-28,8.00394058227539
1995-08-29,8.046740531921387
1995-08-30,8.132349967956543
1995-08-31,8.046740531921387
1995-09-01,8.260750770568848
1995-09-05,8.324951171875
1995-09-06,8.217947959899902
1995-09-07,8.217947959899902
1995-09-08,8.260750770568848
1995-09-11,8.389154434204102
1995-09-12,8.346349716186523
1995-09-13,8.217947959899902
1995-09-14,8.239349365234375
1995-09-15,8.17514705657959
1995-09-18,8.110939025878906
1995-09-19,8.046740531921387
1995-09-20,8.046740531921387
1995-09-21,8.132349967956543
1995-09-22,7.9611382484436035
1995-09-25,7.982538223266602
1995-09-26,8.046740531921387
1995-09-27,7.982538223266602
1995-09-28,8.00394058227539
1995-09-29,8.046740531921387
1995-10-02,8.132349967956543
1995-10-03,8.089543342590332
1995-10-04,8.068140983581543
1995-10-05,8.025341987609863
1995-10-06,7.971839427947998
1995-10-09,7.875533103942871
1995-10-10,7.9611382484436035
1995-10-11,8.046740531921387
1995-10-12,8.025341987609863
1995-10-13,8.132349967956543
1995-10-16,8.089543342590332
1995-10-17,8.132349967956543
1995-10-18,8.046740531921387
1995-10-19,8.025341987609863
1995-10-20,8.089543342590332
1995-10-23,8.00394058227539
1995-10-24,8.00394058227539
1995-10-25,7.939733028411865
1995-10-26,8.00394058227539
1995-10-27,7.9611382484436035
1995-10-30,7.875533103942871
1995-10-31,7.918335914611816
1995-11-01,8.046740531921387
1995-11-02,7.9611382484436035
1995-11-03,7.9611382484436035
1995-11-06,8.046740531921387
1995-11-07,7.9611382484436035
1995-11-08,8.046740531921387
1995-11-09,7.9611382484436035
1995-11-10,8.047674179077148
1995-11-13,8.177471160888672
1995-11-14,7.9611382484436035
1995-11-15,7.9178667068481445
1995-11-16,7.9178667068481445
1995-11-17,8.047674179077148
1995-11-20,7.9178667068481445
1995-11-21,7.9178667068481445
1995-11-22,7.9611382484436035
1995-11-24,8.047674179077148
1995-11-27,8.047674179077148
1995-11-28,8.13420581817627
1995-11-29,8.13420581817627
1995-11-30,8.047674179077148
1995-12-01,8.09093952178955
1995-12-04,8.177471160888672
1995-12-05,8.177471160888672
1995-12-06,8.220743179321289
1995-12-07,8.220743179321289
1995-12-08,8.285645484924316
1995-12-11,8.350543022155762
1995-12-12,8.220743179321289
1995-12-13,8.264007568359375
1995-12-14,8.350543022155762
1995-12-15,8.393807411193848
1995-12-18,8.350543022155762
1995-12-19,8.285645484924316
1995-12-20,8.264007568359375
1995-12-21,8.4370756149292
1995-12-22,8.415441513061523
1995-12-26,8.48034381866455
1995-12-27,8.350543022155762
1995-12-28,8.264007568359375
1995-12-29,8.307271957397461
1996-01-02,8.155838966369629
1996-01-03,8.220743179321289
1996-01-04,8.177471160888672
1996-01-05,8.177471160888672
1996-01-08,8.220743179321289
1996-01-09,8.350543022155762
1996-01-10,8.350543022155762
1996-01-11,8.264007568359375
1996-01-12,8.415441513061523
1996-01-15,8.4370756149292
1996-01-16,8.458708763122559
1996-01-17,8.393807411193848
1996-01-18,8.4370756149292
1996-01-19,8.415441513061523
1996-01-22,8.447891235351562
1996-01-23,8.307271957397461
1996-01-24,8.4370756149292
1996-01-25,8.4370756149292
1996-01-26,8.4370756149292
1996-01-29,8.48034381866455
1996-01-30,8.661523818969727
1996-01-31,8.826472282409668
1996-02-01,8.79403018951416
1996-02-02,8.707497596740723
1996-02-05,8.739941596984863
1996-02-06,8.653409004211426
1996-02-07,8.566875457763672
1996-02-08,8.48034381866455
1996-02-09,8.707883834838867
1996-02-12,8.72976016998291
1996-02-13,8.839158058166504
1996-02-14,8.707883834838867
1996-02-15,8.795400619506836
1996-02-16,8.707883834838867
1996-02-20,8.664129257202148
1996-02-21,8.664129257202148
1996-02-22,8.707883834838867
1996-02-23,8.620365142822266
1996-02-26,8.576608657836914
1996-02-27,8.664129257202148
1996-02-28,8.576608657836914
1996-02-29,8.576608657836914
1996-03-01,8.576608657836914
1996-03-04,8.576608657836914
1996-03-05,8.456271171569824
1996-03-06,8.489093780517578
1996-03-07,8.489093780517578
1996-03-08,8.401577949523926
1996-03-11,8.401577949523926
1996-03-12,8.445337295532227
1996-03-13,8.401577949523926
1996-03-14,8.357819557189941
1996-03-15,8.401577949523926
1996-03-18,8.532854080200195
1996-03-19,8.489093780517578
1996-03-20,8.401577949523926
1996-03-21,8.445337295532227
1996-03-22,8.46721363067627
1996-03-25,8.357819557189941
1996-03-26,8.160904884338379
1996-03-27,7.985873699188232
1996-03-28,8.051514625549316
1996-03-29,8.051514625549316
1996-04-01,8.07338809967041
1996-04-02,8.051514625549316
1996-04-03,8.13902759552002
1996-04-04,8.226548194885254
1996-04-08,8.13902759552002
1996-04-09,8.182787895202637
1996-04-10,8.13902759552002
1996-04-11,8.095270156860352
1996-04-12,8.226548194885254
1996-04-15,8.051514625549316
1996-04-16,8.226548194885254
1996-04-17,8.117151260375977
1996-04-18,8.095270156860352
1996-04-19,8.182787895202637
1996-04-22,8.204667091369629
1996-04-23,8.204667091369629
1996-04-24,8.106206893920898
1996-04-25,8.204667091369629
1996-04-26,8.095270156860352
1996-04-29,8.095270156860352
1996-04-30,8.160904884338379
1996-05-01,8.489093780517578
1996-05-02,8.55473518371582
1996-05-03,8.500031471252441
1996-05-06,8.401577949523926
1996-05-07,8.270301818847656
1996-05-08,8.314062118530273
1996-05-09,8.314062118530273
1996-05-10,8.333986282348633
1996-05-13,8.278648376464844
1996-05-14,8.278648376464844
1996-05-15,8.455728530883789
1996-05-16,8.49999713897705
1996-05-17,8.411458969116211
1996-05-20,8.49999713897705
1996-05-21,8.411458969116211
1996-05-22,8.49999713897705
1996-05-23,8.411458969116211
1996-05-24,8.411458969116211
1996-05-28,8.544270515441895
1996-05-29,8.411458969116211
1996-05-30,8.411458969116211
1996-05-31,8.411458969116211
1996-06-03,8.411458969116211
1996-06-04,8.488931655883789
1996-06-05,8.455728530883789
1996-06-06,8.477865219116211
1996-06-07,8.544270515441895
1996-06-10,8.56640338897705
1996-06-11,8.49999713897705
1996-06-12,8.455728530883789
1996-06-13,8.544270515441895
1996-06-14,8.455728530883789
1996-06-17,8.455728530883789
1996-06-18,8.411458969116211
1996-06-19,8.411458969116211
1996-06-20,8.411458969116211
1996-06-21,8.455728530883789
1996-06-24,8.433588027954102
1996-06-25,8.411458969116211
1996-06-26,8.389320373535156
1996-06-27,8.36718463897705
1996-06-28,8.322916984558105
1996-07-01,8.284175872802734
1996-07-02,8.190102577209473
1996-07-03,8.234371185302734
1996-07-05,8.190102577209473
1996-07-08,8.145831108093262
1996-07-09,8.234371185302734
1996-07-10,8.190102577209473
1996-07-11,8.145831108093262
1996-07-12,8.145831108093262
1996-07-15,7.924478054046631
1996-07-16,7.835938453674316
1996-07-17,7.8802056312561035
1996-07-18,8.035152435302734
1996-07-19,8.145831108093262
1996-07-22,7.968746662139893
1996-07-23,7.9908833503723145
1996-07-24,7.968746662139893
1996-07-25,7.968746662139893
1996-07-26,8.101564407348633
1996-07-29,7.968746662139893
1996-07-30,8.057291984558105
1996-07-31,8.145831108093262
1996-08-01,8.234371185302734
1996-08-02,8.278648376464844
1996-08-05,8.212238311767578
1996-08-06,8.145831108093262
1996-08-07,8.36718463897705
1996-08-08,8.522134780883789
1996-08-09,8.68783187866211
1996-08-12,8.777393341064453
1996-08-13,8.710220336914062
1996-08-14,8.732611656188965
1996-08-15,8.777393341064453
1996-08-16,8.732611656188965
1996-08-19,8.777393341064453
1996-08-20,8.643047332763672
1996-08-21,8.822175025939941
1996-08-22,8.799790382385254
1996-08-23,8.68783187866211
1996-08-26,8.777393341064453
1996-08-27,8.822175025939941
1996-08-28,8.889355659484863
1996-08-29,8.956523895263672
1996-08-30,8.956523895263672
1996-09-03,8.956523895263672
1996-09-04,8.866958618164062
1996-09-05,8.822175025939941
1996-09-06,8.822175025939941
1996-09-09,8.822175025939941
1996-09-10,8.822175025939941
1996-09-11,8.911739349365234
1996-09-12,8.911739349365234
1996-09-13,8.822175025939941
1996-09-16,8.911739349365234
1996-09-17,8.822175025939941
1996-09-18,8.866958618164062
1996-09-19,8.68783187866211
1996-09-20,8.68783187866211
1996-09-23,8.553485870361328
1996-09-24,8.66543960571289
1996-09-25,8.620657920837402
1996-09-26,8.66543960571289
1996-09-27,8.777393341064453
1996-09-30,8.822175025939941
1996-10-01,9.046089172363281
1996-10-02,9.113263130187988
1996-10-03,9.135653495788574
1996-10-04,9.225221633911133
1996-10-07,9.225221633911133
1996-10-08,9.046089172363281
1996-10-09,8.967718124389648
1996-10-10,9.001303672790527
1996-10-11,9.135653495788574
1996-10-14,9.113263130187988
1996-10-15,9.135653495788574
1996-10-16,9.135653495788574
1996-10-17,9.135653495788574
1996-10-18,9.046089172363281
1996-10-21,9.046089172363281
1996-10-22,9.090872764587402
1996-10-23,9.135653495788574
1996-10-24,9.001303672790527
1996-10-25,9.001303672790527
1996-10-28,9.090872764587402
1996-10-29,9.113263130187988
1996-10-30,9.225221633911133
1996-10-31,9.225221633911133
1996-11-01,9.359566688537598
1996-11-04,9.359566688537598
1996-11-05,9.449137687683105
1996-11-06,9.493914604187012
1996-11-07,9.593467712402344
1996-11-08,9.502971649169922
1996-11-11,9.548216819763184
1996-11-12,9.548216819763184
1996-11-13,9.45771598815918
1996-11-14,9.45771598815918
1996-11-15,9.548216819763184
1996-11-18,9.412457466125488
1996-11-19,9.45771598815918
1996-11-20,9.548216819763184
1996-11-21,9.638724327087402
1996-11-22,9.683979988098145
1996-11-25,9.61609935760498
1996-11-26,9.638724327087402
1996-11-27,9.774482727050781
1996-11-29,9.638724327087402
1996-12-02,9.729228973388672
1996-12-03,9.638724327087402
1996-12-04,9.638724327087402
1996-12-05,9.593467712402344
1996-12-06,9.683979988098145
1996-12-09,9.842361450195312
1996-12-10,9.887617111206055
1996-12-11,9.819732666015625
1996-12-12,9.955487251281738
1996-12-13,9.864983558654785
1996-12-16,9.774482727050781
1996-12-17,9.864983558654785
1996-12-18,9.842361450195312
1996-12-19,10.04599380493164
1996-12-20,10.04599380493164
1996-12-23,10.181753158569336
1996-12-24,10.04599380493164
1996-12-26,10.04599380493164
1996-12-27,10.181753158569336
1996-12-30,10.09124755859375
1996-12-31,10.09124755859375
1997-01-02,9.887617111206055
1997-01-03,10.000741958618164
1997-01-06,9.797104835510254
1997-01-07,9.570846557617188
1997-01-08,9.412457466125488
1997-01-09,9.525594711303711
1997-01-10,9.593467712402344
1997-01-13,9.683979988098145
1997-01-14,9.729228973388672
1997-01-15,9.706599235534668
1997-01-16,9.774482727050781
1997-01-17,9.638724327087402
1997-01-20,9.751852989196777
1997-01-21,9.91024112701416
1997-01-22,9.774482727050781
1997-01-23,9.774482727050781
1997-01-24,9.683979988098145
1997-01-27,9.65003776550293
1997-01-28,9.548216819763184
1997-01-29,9.469029426574707
1997-01-30,9.525594711303711
1997-01-31,9.525594711303711
1997-02-03,9.548216819763184
1997-02-04,9.548216819763184
1997-02-05,9.45771598815918
1997-02-06,9.480341911315918
1997-02-07,9.412457466125488
1997-02-10,9.412457466125488
1997-02-11,9.344585418701172
1997-02-12,9.412457466125488
1997-02-13,9.636786460876465
1997-02-14,9.522336959838867
1997-02-18,9.613893508911133
1997-02-19,9.8771333694458
1997-02-20,9.842794418334961
1997-02-21,9.842794418334961
1997-02-24,9.934358596801758
1997-02-25,9.95725154876709
1997-02-26,9.95725154876709
1997-02-27,9.980137825012207
1997-02-28,9.888582229614258
1997-03-03,9.911467552185059
1997-03-04,10.071697235107422
1997-03-05,9.934358596801758
1997-03-06,10.003029823303223
1997-03-07,9.934358596801758
1997-03-10,9.934358596801758
1997-03-11,9.888582229614258
1997-03-12,9.774124145507812
1997-03-13,9.774124145507812
1997-03-14,9.751237869262695
1997-03-17,9.774124145507812
1997-03-18,9.636786460876465
1997-03-19,9.522336959838867
1997-03-20,9.45366382598877
1997-03-21,9.384997367858887
1997-03-24,9.384997367858887
1997-03-25,9.384997367858887
1997-03-26,9.384997367858887
1997-03-27,9.20186996459961
1997-03-31,9.110310554504395
1997-04-01,9.110310554504395
1997-04-02,9.041638374328613
1997-04-03,9.01874828338623
1997-04-04,8.99586296081543
1997-04-07,9.133196830749512
1997-04-08,9.133196830749512
1997-04-09,9.156083106994629
1997-04-10,8.904298782348633
1997-04-11,9.053086280822754
1997-04-14,9.01874828338623
1997-04-15,9.178982734680176
1997-04-16,9.133196830749512
1997-04-17,9.087414741516113
1997-04-18,9.110310554504395
1997-04-21,9.144644737243652
1997-04-22,9.20186996459961
1997-04-23,9.110310554504395
1997-04-24,9.156083106994629
1997-04-25,9.156083106994629
1997-04-28,9.178982734680176
1997-04-29,9.20186996459961
1997-04-30,9.224764823913574
1997-05-01,9.522336959838867
1997-05-02,9.568113327026367
1997-05-05,9.797022819519043
1997-05-06,9.842794418334961
1997-05-07,9.682565689086914
1997-05-08,9.751237869262695
1997-05-09,9.816061019897461
1997-05-12,9.839210510253906
1997-05-13,9.90866756439209
1997-05-14,9.954964637756348
1997-05-15,10.00126838684082
1997-05-16,9.816061019897461
1997-05-19,9.78133773803711
1997-05-20,9.746610641479492
1997-05-21,9.816061019897461
1997-05-22,9.816061019897461
1997-05-23,9.70030403137207
1997-05-27,9.816061019897461
1997-05-28,9.954964637756348
1997-05-29,9.978118896484375
1997-05-30,10.140176773071289
1997-06-02,10.140176773071289
1997-06-03,10.186473846435547
1997-06-04,10.371683120727539
1997-06-05,10.31380558013916
1997-06-06,10.27908706665039
1997-06-09,10.406413078308105
1997-06-10,10.417989730834961
1997-06-11,10.510595321655273
1997-06-12,10.533745765686035
1997-06-13,10.649500846862793
1997-06-16,10.742101669311523
1997-06-17,10.90416431427002
1997-06-18,11.11252498626709
1997-06-19,11.135673522949219
1997-06-20,11.135673522949219
1997-06-23,11.135673522949219
1997-06-24,11.20512580871582
1997-06-25,11.181979179382324
1997-06-26,11.181979179382324
1997-06-27,11.540811538696289
1997-06-30,11.297730445861816
1997-07-01,11.367183685302734
1997-07-02,11.216703414916992
1997-07-03,11.367183685302734
1997-07-07,11.413479804992676
1997-07-08,11.43663501739502
1997-07-09,11.529237747192383
1997-07-10,11.482939720153809
1997-07-11,11.783904075622559
1997-07-14,11.760751724243164
1997-07-15,11.459789276123047
1997-07-16,11.506092071533203
1997-07-17,11.506092071533203
1997-07-18,11.459789276123047
1997-07-21,11.413479804992676
1997-07-22,11.390331268310547
1997-07-23,11.413479804992676
1997-07-24,11.413479804992676
1997-07-25,11.43663501739502
1997-07-28,11.297730445861816
1997-07-29,11.274580955505371
1997-07-30,11.390331268310547
1997-07-31,11.413479804992676
1997-08-01,11.43663501739502
1997-08-04,11.297730445861816
1997-08-05,11.390331268310547
1997-08-06,11.390331268310547
1997-08-07,11.297730445861816
1997-08-08,11.274580955505371
1997-08-11,11.367183685302734
1997-08-12,11.390331268310547
1997-08-13,11.344027519226074
1997-08-14,11.362733840942383
1997-08-15,11.10555362701416
1997-08-18,10.871748924255371
1997-08-19,10.883440971374512
1997-08-20,11.058789253234863
1997-08-21,11.012030601501465
1997-08-22,10.94189453125
1997-08-25,11.082174301147461
1997-08-26,10.918514251708984
1997-08-27,11.128933906555176
1997-08-28,11.140617370605469
1997-08-29,11.22245979309082
1997-09-02,11.409499168395996
1997-09-03,11.73681640625
1997-09-04,11.690053939819336
1997-09-05,11.596539497375488
1997-09-08,11.619921684265137
1997-09-09,11.596539497375488
1997-09-10,11.479639053344727
1997-09-11,11.573158264160156
1997-09-12,11.783573150634766
1997-09-15,11.912164688110352
1997-09-16,12.134284019470215
1997-09-17,12.297941207885742
1997-09-18,12.204421043395996
1997-09-19,12.251179695129395
1997-09-22,12.181044578552246
1997-09-23,12.297941207885742
1997-09-24,12.134284019470215
1997-09-25,12.134284019470215
1997-09-26,12.157662391662598
1997-09-29,12.356398582458496
1997-09-30,12.157662391662598
1997-10-01,12.181044578552246
1997-10-02,12.181044578552246
1997-10-03,12.204421043395996
1997-10-06,12.321322441101074
1997-10-07,12.578498840332031
1997-10-08,12.344697952270508
1997-10-09,12.344697952270508
1997-10-10,12.391457557678223
1997-10-13,12.43821907043457
1997-10-14,12.344697952270508
1997-10-15,12.297941207885742
1997-10-16,12.11090087890625
1997-10-17,11.947239875793457
1997-10-20,12.181044578552246
1997-10-21,12.274557113647461
1997-10-22,12.309635162353516
1997-10-23,12.134284019470215
1997-10-24,12.169347763061523
1997-10-27,11.713440895080566
1997-10-28,11.33935832977295
1997-10-29,11.85372257232666
1997-10-30,11.76020336151123
1997-10-31,11.970622062683105
1997-11-03,12.145968437194824
1997-11-04,12.344697952270508
1997-11-05,12.648650169372559
1997-11-06,12.40803337097168
1997-11-07,12.148550987243652
1997-11-10,12.266493797302246
1997-11-11,12.124960899353027
1997-11-12,12.172138214111328
1997-11-13,11.959833145141602
1997-11-14,11.712142944335938
1997-11-17,11.841890335083008
1997-11-18,11.79470443725586
1997-11-19,11.723944664001465
1997-11-20,11.723944664001465
1997-11-21,11.653168678283691
1997-11-24,11.605993270874023
1997-11-25,11.747527122497559
1997-11-26,11.605993270874023
1997-11-28,11.700347900390625
1997-12-01,11.747527122497559
1997-12-02,11.723944664001465
1997-12-03,11.889060020446777
1997-12-04,11.700347900390625
1997-12-05,12.077780723571777
1997-12-08,12.077780723571777
1997-12-09,12.337264060974121
1997-12-10,11.983417510986328
1997-12-11,12.077780723571777
1997-12-12,12.077780723571777
1997-12-15,12.124960899353027
1997-12-16,12.461105346679688
1997-12-17,12.54957103729248
1997-12-18,12.089570999145508
1997-12-19,11.889060020446777
1997-12-22,11.676759719848633
1997-12-23,11.759319305419922
1997-12-24,11.771120071411133
1997-12-26,11.747527122497559
1997-12-29,11.983417510986328
1997-12-30,11.936240196228027
1997-12-31,12.195731163024902
1998-01-02,11.94804573059082
1998-01-05,11.889060020446777
1998-01-06,11.700347900390625
1998-01-07,11.818297386169434
1998-01-08,11.417279243469238
1998-01-09,11.181376457214355
1998-01-12,11.358299255371094
1998-01-13,11.629573822021484
1998-01-14,11.676759719848633
1998-01-15,11.653168678283691
1998-01-16,11.664963722229004
1998-01-20,11.9126558303833
1998-01-21,11.723944664001465
1998-01-22,11.488041877746582
1998-01-23,11.547019958496094
1998-01-26,11.511638641357422
1998-01-27,11.523428916931152
1998-01-28,12.030599594116211
1998-01-29,12.077780723571777
1998-01-30,11.771120071411133
1998-02-02,11.830096244812012
1998-02-03,12.124960899353027
1998-02-04,12.32546615600586
1998-02-05,12.478803634643555
1998-02-06,12.290084838867188
1998-02-09,12.313673973083496
1998-02-10,12.773667335510254
1998-02-11,12.820843696594238
1998-02-12,12.837518692016602
1998-02-13,12.837518692016602
1998-02-17,12.682703018188477
1998-02-18,12.837518692016602
1998-02-19,12.742244720458984
1998-02-20,12.861337661743164
1998-02-23,12.623159408569336
1998-02-24,12.813704490661621
1998-02-25,12.944694519042969
1998-02-26,13.242413520812988
1998-02-27,13.170954704284668
1998-03-02,13.456768989562988
1998-03-03,13.599671363830566
1998-03-04,13.266226768493652
1998-03-05,13.444865226745605
1998-03-06,13.438899040222168
1998-03-09,13.290043830871582
1998-03-10,13.36745548248291
1998-03-11,13.385313987731934
1998-03-12,13.432948112487793
1998-03-13,13.194778442382812
1998-03-16,13.218597412109375
1998-03-17,13.099503517150879
1998-03-18,13.194778442382812
1998-03-19,13.242413520812988
1998-03-20,13.337682723999023
1998-03-23,13.313870429992676
1998-03-24,13.337682723999023
1998-03-25,13.242413520812988
1998-03-26,12.980415344238281
1998-03-27,13.099503517150879
1998-03-30,12.801783561706543
1998-03-31,12.837518692016602
1998-04-01,13.075693130493164
1998-04-02,13.147143363952637
1998-04-03,13.242413520812988
1998-04-06,13.05186653137207
1998-04-07,12.789884567260742
1998-04-08,12.813704490661621
1998-04-09,12.789884567260742
1998-04-13,12.932784080505371
1998-04-14,12.980415344238281
1998-04-15,13.075693130493164
1998-04-16,13.075693130493164
1998-04-17,13.075693130493164
1998-04-20,13.075693130493164
1998-04-21,13.266226768493652
1998-04-22,13.2781400680542
1998-04-23,13.599671363830566
1998-04-24,12.980415344238281
1998-04-27,12.742244720458984
1998-04-28,12.766066551208496
1998-04-29,13.266226768493652
1998-04-30,13.242413520812988
1998-05-01,13.385313987731934
1998-05-04,13.397228240966797
1998-05-05,13.456768989562988
1998-05-06,13.266226768493652
1998-05-07,13.147143363952637
1998-05-08,13.392388343811035
1998-05-11,14.089652061462402
1998-05-12,13.87326717376709
1998-05-13,13.945398330688477
1998-05-14,14.041571617126465
1998-05-15,13.969438552856445
1998-05-18,13.87326717376709
1998-05-19,13.813149452209473
1998-05-20,13.861244201660156
1998-05-21,13.753044128417969
1998-05-22,13.272173881530762
1998-05-26,12.88746452331543
1998-05-27,13.103866577148438
1998-05-28,13.344295501708984
1998-05-29,13.416426658630371
1998-06-01,13.320258140563965
1998-06-02,13.356331825256348
1998-06-03,13.308236122131348
1998-06-04,13.320258140563965
1998-06-05,13.476539611816406
1998-06-08,13.512598037719727
1998-06-09,13.608780860900879
1998-06-10,13.692941665649414
1998-06-11,13.368348121643066
1998-06-12,13.464522361755371
1998-06-15,12.79129409790039
1998-06-16,13.103866577148438
1998-06-17,13.175990104675293
1998-06-18,12.97162914276123
1998-06-19,12.79129409790039
1998-06-22,13.091841697692871
1998-06-23,13.22408390045166
1998-06-24,13.272173881530762
1998-06-25,13.16397476196289
1998-06-26,13.12790584564209
1998-06-29,13.392388343811035
1998-06-30,13.368348121643066
1998-07-01,13.464522361755371
1998-07-02,13.12790584564209
1998-07-06,13.320258140563965
1998-07-07,13.151949882507324
1998-07-08,13.103866577148438
1998-07-09,13.151949882507324
1998-07-10,13.115886688232422
1998-07-13,13.055774688720703
1998-07-14,12.959602355957031
1998-07-15,12.983644485473633
1998-07-16,12.88746452331543
1998-07-17,13.22408390045166
1998-07-20,13.07982063293457
1998-07-21,12.598946571350098
1998-07-22,12.767251968383789
1998-07-23,12.574899673461914
1998-07-24,12.550851821899414
1998-07-27,12.526819229125977
1998-07-28,12.418619155883789
1998-07-29,12.382547378540039
1998-07-30,12.574899673461914
1998-07-31,12.550851821899414
1998-08-03,12.47872257232666
1998-08-04,12.142112731933594
1998-08-05,11.925716400146484
1998-08-06,12.142112731933594
1998-08-07,12.334465026855469
1998-08-10,11.91369342803955
1998-08-11,11.853584289550781
1998-08-12,12.226262092590332
1998-08-13,12.310420036315918
1998-08-14,12.108805656433105
1998-08-17,12.04808235168457
1998-08-18,12.120952606201172
1998-08-19,12.315278053283691
1998-08-20,12.023795127868652
1998-08-21,11.805177688598633
1998-08-24,11.841612815856934
1998-08-25,11.732308387756348
1998-08-26,11.56226921081543
1998-08-27,11.173622131347656
1998-08-28,11.125036239624023
1998-08-31,10.955002784729004
1998-09-01,11.22220516204834
1998-09-02,11.246496200561523
1998-09-03,11.246496200561523
1998-09-04,11.537984848022461
1998-09-08,11.635141372680664
1998-09-09,11.319363594055176
1998-09-10,10.857851028442383
1998-09-11,11.34365463256836
1998-09-14,11.683716773986816
1998-09-15,11.999499320983887
1998-09-16,12.193826675415039
1998-09-17,11.65943717956543
1998-09-18,12.24240493774414
1998-09-21,12.38814926147461
1998-09-22,12.57032585144043
1998-09-23,12.64319896697998
1998-09-24,12.849668502807617
1998-09-25,12.946823120117188
1998-09-28,12.618903160095215
1998-09-29,12.631056785583496
1998-09-30,12.473167419433594
1998-10-01,12.24240493774414
1998-10-02,12.461014747619629
1998-10-05,12.43673038482666
1998-10-06,12.43673038482666
1998-10-07,12.43673038482666
1998-10-08,12.169532775878906
1998-10-09,13.359768867492676
1998-10-12,12.92254638671875
1998-10-13,12.60676383972168
1998-10-14,12.8982515335083
1998-10-15,13.214025497436523
1998-10-16,13.456938743591309
1998-10-19,13.408347129821777
1998-10-20,13.33548641204834
1998-10-21,12.825377464294434
1998-10-22,13.408347129821777
1998-10-23,13.384055137634277
1998-10-26,13.578384399414062
1998-10-27,13.608746528625488
1998-10-28,13.602672576904297
1998-10-29,13.602672576904297
1998-10-30,13.821284294128418
1998-11-02,14.039907455444336
1998-11-03,13.967032432556152
1998-11-04,14.20993423461914
1998-11-05,13.894155502319336
1998-11-06,14.217738151550293
1998-11-09,13.923571586608887
1998-11-10,14.119677543640137
1998-11-11,14.217738151550293
1998-11-12,13.825518608093262
1998-11-13,13.948088645935059
1998-11-16,14.07065200805664
1998-11-17,13.751980781555176
1998-11-18,13.72746467590332
1998-11-19,13.874543190002441
1998-11-20,13.923571586608887
1998-11-23,13.678438186645508
1998-11-24,13.776497840881348
1998-11-25,13.874543190002441
1998-11-27,13.825518608093262
1998-11-30,13.874543190002441
1998-12-01,13.935832023620605
1998-12-02,13.604900360107422
1998-12-03,13.555869102478027
1998-12-04,13.506844520568848
1998-12-07,13.555869102478027
1998-12-08,13.72746467590332
1998-12-09,13.850032806396484
1998-12-10,13.70295524597168
1998-12-11,13.653932571411133
1998-12-14,13.506844520568848
1998-12-15,13.457830429077148
1998-12-16,13.555869102478027
1998-12-17,13.678438186645508
1998-12-18,13.531356811523438
1998-12-21,13.923571586608887
1998-12-22,13.678438186645508
1998-12-23,13.531356811523438
1998-12-24,13.751980781555176
1998-12-28,13.776497840881348
1998-12-29,13.850032806396484
1998-12-30,13.899064064025879
1998-12-31,14.07065200805664
1999-01-04,14.511887550354004
1999-01-05,14.389328002929688
1999-01-06,14.413846969604492
1999-01-07,14.340301513671875
1999-01-08,14.511887550354004
1999-01-11,14.119677543640137
1999-01-12,14.119677543640137
1999-01-13,13.91131591796875
1999-01-14,13.70295524597168
1999-01-15,14.266763687133789
1999-01-19,14.266763687133789
1999-01-20,14.119677543640137
1999-01-21,14.095168113708496
1999-01-22,14.119677543640137
1999-01-25,14.046135902404785
1999-01-26,13.948088645935059
1999-01-27,13.09012222290039
1999-01-28,13.372020721435547
1999-01-29,13.273970603942871
1999-02-01,12.979809761047363
1999-02-02,13.384278297424316
1999-02-03,13.433303833007812
1999-02-04,12.992057800292969
1999-02-05,13.114638328552246
1999-02-08,13.384278297424316
1999-02-09,13.077861785888672
1999-02-10,13.041093826293945
1999-02-11,13.278923988342285
1999-02-12,12.70911693572998
1999-02-16,13.093120574951172
1999-02-17,12.70911693572998
1999-02-18,12.981636047363281
1999-02-19,13.3037109375
1999-02-22,13.489507675170898
1999-02-23,13.378021240234375
1999-02-24,13.093120574951172
1999-02-25,13.080733299255371
1999-02-26,12.956862449645996
1999-03-01,13.278923988342285
1999-03-02,13.477123260498047
1999-03-03,13.501898765563965
1999-03-04,13.378021240234375
1999-03-05,13.427565574645996
1999-03-08,13.402798652648926
1999-03-09,13.427565574645996
1999-03-10,13.45234203338623
1999-03-11,13.378021240234375
1999-03-12,13.378021240234375
1999-03-15,13.278923988342285
1999-03-16,13.3037109375
1999-03-17,13.501898765563965
1999-03-18,13.600997924804688
1999-03-19,13.576210975646973
1999-03-22,13.526663780212402
1999-03-23,13.477123260498047
1999-03-24,13.427565574645996
1999-03-25,13.278923988342285
1999-03-26,13.080733299255371
1999-03-29,12.932090759277344
1999-03-30,12.58525276184082
1999-03-31,12.387055397033691
1999-04-01,12.73389720916748
1999-04-05,12.461377143859863
1999-04-06,12.411833763122559
1999-04-07,12.387055397033691
1999-04-08,12.684341430664062
1999-04-09,12.5357027053833
1999-04-12,12.486149787902832
1999-04-13,12.139315605163574
1999-04-14,12.659574508666992
1999-04-15,12.783439636230469
1999-04-16,12.808221817016602
1999-04-19,13.402798652648926
1999-04-20,13.526663780212402
1999-04-21,13.576210975646973
1999-04-22,14.418537139892578
1999-04-23,13.873501777648926
1999-04-26,13.923055648803711
1999-04-27,13.823952674865723
1999-04-28,13.947826385498047
1999-04-29,13.72486400604248
1999-04-30,13.72486400604248
1999-05-03,13.873501777648926
1999-05-04,14.071694374084473
1999-05-05,14.071694374084473
1999-05-06,13.947826385498047
1999-05-07,13.526663780212402
1999-05-10,13.947826385498047
1999-05-11,13.72486400604248
1999-05-12,14.170793533325195
1999-05-13,14.269886016845703
1999-05-14,13.90964412689209
1999-05-17,13.959672927856445
1999-05-18,13.90964412689209
1999-05-19,13.984694480895996
1999-05-20,14.00971508026123
1999-05-21,13.8095703125
1999-05-24,13.90964412689209
1999-05-25,13.70949649810791
1999-05-26,13.859613418579102
1999-05-27,13.70949649810791
1999-05-28,14.00971508026123
1999-06-01,14.309922218322754
1999-06-02,13.959672927856445
1999-06-03,14.35994815826416
1999-06-04,14.209847450256348
1999-06-07,14.00971508026123
1999-06-08,13.759537696838379
1999-06-09,14.284904479980469
1999-06-10,13.90964412689209
1999-06-11,13.8095703125
1999-06-14,14.10977554321289
1999-06-15,14.0347261428833
1999-06-16,14.10977554321289
1999-06-17,14.10977554321289
1999-06-18,13.759537696838379
1999-06-21,13.659468650817871
1999-06-22,13.659468650817871
1999-06-23,14.810263633728027
1999-06-24,15.310616493225098
1999-06-25,15.93604850769043
1999-06-28,16.31130599975586
1999-06-29,16.21123695373535
1999-06-30,16.411378860473633
1999-07-01,16.761613845825195
1999-07-02,16.661548614501953
1999-07-06,16.511442184448242
1999-07-07,16.21123695373535
1999-07-08,15.948556900024414
1999-07-09,15.860992431640625
1999-07-12,15.83597469329834
1999-07-13,16.06112289428711
1999-07-14,15.998587608337402
1999-07-15,15.973572731018066
1999-07-16,15.911022186279297
1999-07-19,16.0111026763916
1999-07-20,16.048625946044922
1999-07-21,16.336320877075195
1999-07-22,16.03611946105957
1999-07-23,16.261272430419922
1999-07-26,15.860992431640625
1999-07-27,15.986075401306152
1999-07-28,15.848484992980957
1999-07-29,15.698383331298828
1999-07-30,15.685873985290527
1999-08-02,15.610818862915039
1999-08-03,15.460712432861328
1999-08-04,15.13548755645752
1999-08-05,14.935348510742188
1999-08-06,14.797752380371094
1999-08-09,14.910334587097168
1999-08-10,14.61012077331543
1999-08-11,14.785249710083008
1999-08-12,14.61012077331543
1999-08-13,14.347427368164062
1999-08-16,14.32216739654541
1999-08-17,14.52424144744873
1999-08-18,14.701059341430664
1999-08-19,14.549493789672852
1999-08-20,14.52424144744873
1999-08-23,14.789473533630371
1999-08-24,14.650546073913574
1999-08-25,14.675803184509277
1999-08-26,14.90313720703125
1999-08-27,14.726317405700684
1999-08-30,14.612651824951172
1999-08-31,14.52424144744873
1999-09-01,15.092576026916504
1999-09-02,15.016803741455078
1999-09-03,14.928397178649902
1999-09-07,14.701059341430664
1999-09-08,14.85261058807373
1999-09-09,14.549493789672852
1999-09-10,14.52424144744873
1999-09-13,14.52424144744873
1999-09-14,14.296905517578125
1999-09-15,14.347427368164062
1999-09-16,14.24638843536377
1999-09-17,14.625285148620605
1999-09-20,14.625285148620605
1999-09-21,14.675803184509277
1999-09-22,14.776840209960938
1999-09-23,14.600019454956055
1999-09-24,14.600019454956055
1999-09-27,14.650546073913574
1999-09-28,14.347427368164062
1999-09-29,14.347427368164062
1999-09-30,14.044315338134766
1999-10-01,14.776840209960938
1999-10-04,14.827350616455078
1999-10-05,14.701059341430664
1999-10-06,14.675803184509277
1999-10-07,14.675803184509277
1999-10-08,14.347427368164062
1999-10-11,14.58738899230957
1999-10-12,14.296905517578125
1999-10-13,14.271649360656738
1999-10-14,14.24638843536377
1999-10-15,13.791714668273926
1999-10-18,13.892752647399902
1999-10-19,14.120088577270508
1999-10-20,14.09483528137207
1999-10-21,13.539119720458984
1999-10-22,14.498982429504395
1999-10-25,14.574771881103516
1999-10-26,14.85261058807373
1999-10-27,15.054686546325684
1999-10-28,15.180987358093262
1999-10-29,15.130473136901855
1999-11-01,15.433586120605469
1999-11-02,15.484108924865723
1999-11-03,15.307284355163574
1999-11-04,15.534624099731445
1999-11-05,15.559887886047363
1999-11-08,15.484108924865723
1999-11-09,15.509366989135742
1999-11-10,15.610403060913086
1999-11-11,15.357807159423828
1999-11-12,15.22014045715332
1999-11-15,15.22014045715332
1999-11-16,15.653542518615723
1999-11-17,15.768270492553711
1999-11-18,15.526074409484863
1999-11-19,15.526074409484863
1999-11-22,15.118155479431152
1999-11-23,15.067171096801758
1999-11-24,15.016181945800781
1999-11-26,14.990692138671875
1999-11-29,14.888715744018555
1999-11-30,15.22014045715332
1999-12-01,15.39859390258789
1999-12-02,15.704530715942383
1999-12-03,15.602556228637695
1999-12-06,15.564313888549805
1999-12-07,15.704530715942383
1999-12-08,15.551562309265137
1999-12-09,15.564313888549805
1999-12-10,15.57706069946289
1999-12-13,15.57706069946289
1999-12-14,15.551562309265137
1999-12-15,15.57706069946289
1999-12-16,15.551562309265137
1999-12-17,14.684751510620117
1999-12-20,14.888715744018555
1999-12-21,15.57706069946289
1999-12-22,15.296613693237305
1999-12-23,15.347615242004395
1999-12-27,15.347615242004395
1999-12-28,15.602556228637695
1999-12-29,15.57706069946289
1999-12-30,15.602556228637695
1999-12-31,15.347615242004395
2000-01-03,15.10540771484375
2000-01-04,14.735748291015625
2000-01-05,15.09904956817627
2000-01-06,15.016181945800781
2000-01-07,15.360353469848633
2000-01-10,14.863215446472168
2000-01-11,14.888715744018555
2000-01-12,14.544535636901855
2000-01-13,14.684751510620117
2000-01-14,14.977950096130371
2000-01-18,15.016181945800781
2000-01-19,15.245635032653809
2000-01-20,15.16915225982666
2000-01-21,15.181897163391113
2000-01-24,14.480802536010742
2000-01-25,14.582783699035645
2000-01-26,14.480802536010742
2000-01-27,14.327834129333496
2000-01-28,14.276847839355469
2000-01-31,14.684751510620117
2000-02-01,14.072890281677246
2000-02-02,14.072890281677246
2000-02-03,14.710256576538086
2000-02-04,14.595519065856934
2000-02-07,14.582783699035645
2000-02-08,14.786737442016602
2000-02-09,14.480802536010742
2000-02-10,14.225852966308594
2000-02-11,14.277403831481934
2000-02-14,14.032569885253906
2000-02-15,14.354717254638672
2000-02-16,14.225852966308594
2000-02-17,14.251627922058105
2000-02-18,14.200082778930664
2000-02-22,14.277403831481934
2000-02-23,14.354717254638672
2000-02-24,14.07122802734375
2000-02-25,13.916605949401855
2000-02-28,14.07122802734375
2000-02-29,13.993915557861328
2000-03-01,13.90371322631836
2000-03-02,13.117694854736328
2000-03-03,13.040373802185059
2000-03-06,12.911511421203613
2000-03-07,13.1950044631958
2000-03-08,13.01459789276123
2000-03-09,13.272316932678223
2000-03-10,13.59445571899414
2000-03-13,13.65888500213623
2000-03-14,13.530023574829102
2000-03-15,13.6331205368042
2000-03-16,14.818598747253418
2000-03-17,14.122771263122559
2000-03-20,14.818598747253418
2000-03-21,15.153630256652832
2000-03-22,15.102084159851074
2000-03-23,15.334036827087402
2000-03-24,15.875234603881836
2000-03-27,15.462884902954102
2000-03-28,15.20516586303711
2000-03-29,14.76705551147461
2000-03-30,14.94745922088623
2000-03-31,16.390666961669922
2000-04-03,15.926774978637695
2000-04-04,15.540209770202637
2000-04-05,16.055633544921875
2000-04-06,15.411341667175293
2000-04-07,15.2695951461792
2000-04-10,15.308257102966309
2000-04-11,14.689745903015137
2000-04-12,14.94745922088623
2000-04-13,14.56088638305664
2000-04-14,14.122771263122559
2000-04-17,14.045449256896973
2000-04-18,14.689745903015137
2000-04-19,13.890825271606445
2000-04-20,13.504258155822754
2000-04-24,13.916605949401855
2000-04-25,13.916605949401855
2000-04-26,13.736201286315918
2000-04-27,13.607341766357422
2000-04-28,13.916605949401855
2000-05-01,13.504258155822754
2000-05-02,13.761972427368164
2000-05-03,13.272316932678223
2000-05-04,13.65888500213623
2000-05-05,13.530023574829102
2000-05-08,13.530023574829102
2000-05-09,13.942371368408203
2000-05-10,13.555798530578613
2000-05-11,13.942371368408203
2000-05-12,13.694791793823242
2000-05-15,13.55146312713623
2000-05-16,13.60358715057373
2000-05-17,13.525400161743164
2000-05-18,13.525400161743164
2000-05-19,13.395106315612793
2000-05-22,13.525400161743164
2000-05-23,13.499343872070312
2000-05-24,13.382070541381836
2000-05-25,13.26480770111084
2000-05-26,13.316920280456543
2000-05-30,13.421165466308594
2000-05-31,13.369037628173828
2000-06-01,13.89025592803955
2000-06-02,13.55146312713623
2000-06-05,13.720852851867676
2000-06-06,13.342986106872559
2000-06-07,13.44721794128418
2000-06-08,13.369037628173828
2000-06-09,13.369037628173828
2000-06-12,13.44721794128418
2000-06-13,13.395106315612793
2000-06-14,13.29085636138916
2000-06-15,13.180100440979004
2000-06-16,12.456921577453613
2000-06-19,12.665406227111816
2000-06-20,13.056314468383789
2000-06-21,13.082377433776855
2000-06-22,13.004191398620605
2000-06-23,13.147522926330566
2000-06-26,13.082377433776855
2000-06-27,12.952072143554688
2000-06-28,12.978128433227539
2000-06-29,12.952072143554688
2000-06-30,12.248440742492676
2000-07-03,12.482987403869629
2000-07-05,12.509054183959961
2000-07-06,12.430867195129395
2000-07-07,12.587231636047363
2000-07-10,12.561163902282715
2000-07-11,12.613290786743164
2000-07-12,12.63934326171875
2000-07-13,12.821768760681152
2000-07-14,12.587231636047363
2000-07-17,12.587231636047363
2000-07-18,12.535102844238281
2000-07-19,12.300559043884277
2000-07-20,12.170256614685059
2000-07-21,11.883590698242188
2000-07-24,11.727229118347168
2000-07-25,11.596924781799316
2000-07-26,11.831466674804688
2000-07-27,11.64904499053955
2000-07-28,12.170256614685059
2000-07-31,11.77934741973877
2000-08-01,11.675108909606934
2000-08-02,11.77934741973877
2000-08-03,12.300559043884277
2000-08-04,12.222381591796875
2000-08-07,12.509054183959961
2000-08-08,12.50252914428711
2000-08-09,12.300559043884277
2000-08-10,12.222381591796875
2000-08-11,12.509054183959961
2000-08-14,12.561163902282715
2000-08-15,12.196319580078125
2000-08-16,12.430867195129395
2000-08-17,12.509054183959961
2000-08-18,12.5618257522583
2000-08-21,12.27153491973877
2000-08-22,12.377091407775879
2000-08-23,12.403473854064941
2000-08-24,12.667387008666992
2000-08-25,12.64100170135498
2000-08-28,12.614604949951172
2000-08-29,12.64100170135498
2000-08-30,12.667387008666992
2000-08-31,12.852120399475098
2000-09-01,12.984064102172852
2000-09-05,12.667387008666992
2000-09-06,12.911491394042969
2000-09-07,12.69377326965332
2000-09-08,12.825729370117188
2000-09-11,12.871912002563477
2000-09-12,12.852120399475098
2000-09-13,12.720162391662598
2000-09-14,12.878511428833008
2000-09-15,12.687182426452637
2000-09-18,12.509053230285645
2000-09-19,12.878511428833008
2000-09-20,12.984064102172852
2000-09-21,13.063237190246582
2000-09-22,13.195192337036133
2000-09-25,13.274361610412598
2000-09-26,13.195192337036133
2000-09-27,13.300758361816406
2000-09-28,13.300758361816406
2000-09-29,13.379929542541504
2000-10-02,13.511869430541992
2000-10-03,13.300758361816406
2000-10-04,13.142412185668945
2000-10-05,13.511869430541992
2000-10-06,13.406315803527832
2000-10-09,13.195192337036133
2000-10-10,13.089630126953125
2000-10-11,12.825729370117188
2000-10-12,12.64100170135498
2000-10-13,13.089630126953125
2000-10-16,13.089630126953125
2000-10-17,12.720162391662598
2000-10-18,12.957680702209473
2000-10-19,13.195192337036133
2000-10-20,13.327147483825684
2000-10-23,12.931289672851562
2000-10-24,13.406315803527832
2000-10-25,12.5618257522583
2000-10-26,13.221582412719727
2000-10-27,12.984064102172852
2000-10-30,13.406315803527832
2000-10-31,13.1160249710083
2000-11-01,13.511869430541992
2000-11-02,13.538267135620117
2000-11-03,13.063237190246582
2000-11-06,13.142412185668945
2000-11-07,13.089630126953125
2000-11-08,12.984064102172852
2000-11-09,13.036855697631836
2000-11-10,12.796418190002441
2000-11-13,13.170424461364746
2000-11-14,13.491004943847656
2000-11-15,14.853459358215332
2000-11-16,13.99858570098877
2000-11-17,13.891727447509766
2000-11-20,14.212302207946777
2000-11-21,14.532883644104004
2000-11-22,14.880180358886719
2000-11-24,14.906893730163574
2000-11-27,14.613033294677734
2000-11-28,15.013749122619629
2000-11-29,15.300932884216309
2000-11-30,15.36104679107666
2000-12-01,15.68162727355957
2000-12-04,15.815194129943848
2000-12-05,15.654911041259766
2000-12-06,15.68162727355957
2000-12-07,16.429636001586914
2000-12-08,16.670068740844727
2000-12-11,16.83036231994629
2000-12-12,15.815194129943848
2000-12-13,15.601483345031738
2000-12-14,15.414481163024902
2000-12-15,15.78847885131836
2000-12-18,15.895352363586426
2000-12-19,15.78847885131836
2000-12-20,15.815194129943848
2000-12-21,16.06231117248535
2000-12-22,17.418087005615234
2000-12-26,17.044090270996094
2000-12-27,17.52494239807129
2000-12-28,17.52494239807129
2000-12-29,17.364660263061523
2001-01-02,17.097505569458008
2001-01-03,17.044090270996094
2001-01-04,16.269351959228516
2001-01-05,16.29606819152832
2001-01-08,16.402929306030273
2001-01-09,16.376209259033203
2001-01-10,16.6967830657959
2001-01-11,16.269351959228516
2001-01-12,16.242639541625977
2001-01-16,16.215919494628906
2001-01-17,16.322772979736328
2001-01-18,16.242639541625977
2001-01-19,15.868618965148926
2001-01-22,16.376209259033203
2001-01-23,16.670068740844727
2001-01-24,16.135772705078125
2001-01-25,16.64335823059082
2001-01-26,16.162487030029297
2001-01-29,16.29606819152832
2001-01-30,16.269351959228516
2001-01-31,16.082345962524414
2001-02-01,15.922052383422852
2001-02-02,16.082345962524414
2001-02-05,16.322772979736328
2001-02-06,15.948765754699707
2001-02-07,16.242639541625977
2001-02-08,16.322772979736328
2001-02-09,16.242639541625977
2001-02-12,16.29606819152832
2001-02-13,16.670068740844727
2001-02-14,16.437946319580078
2001-02-15,16.599889755249023
2001-02-16,16.356966018676758
2001-02-20,15.925103187561035
2001-02-21,15.65518569946289
2001-02-22,16.329971313476562
2001-02-23,15.979084968566895
2001-02-26,16.16802978515625
2001-02-27,16.060070037841797
2001-02-28,16.626876831054688
2001-03-01,16.842815399169922
2001-03-02,16.923799514770508
2001-03-05,16.86980438232422
2001-03-06,16.896800994873047
2001-03-07,16.815826416015625
2001-03-08,16.329971313476562
2001-03-09,16.242252349853516
2001-03-12,16.060070037841797
2001-03-13,16.114036560058594
2001-03-14,15.7091646194458
2001-03-15,15.682178497314453
2001-03-16,15.628193855285645
2001-03-19,16.249000549316406
2001-03-20,15.277299880981445
2001-03-21,15.169332504272461
2001-03-22,15.49323844909668
2001-03-23,15.088358879089355
2001-03-26,15.439248085021973
2001-03-27,15.250307083129883
2001-03-28,15.169332504272461
2001-03-29,15.358270645141602
2001-03-30,15.7091646194458
2001-04-02,15.6011962890625
2001-04-03,15.169332504272461
2001-04-04,14.92640495300293
2001-04-05,15.763154983520508
2001-04-06,14.953410148620605
2001-04-09,15.054893493652344
2001-04-10,15.447893142700195
2001-04-11,15.555859565734863
2001-04-12,15.577454566955566
2001-04-16,15.115346908569336
2001-04-17,15.5903959274292
2001-04-18,15.249229431152344
2001-04-19,15.97044849395752
2001-04-20,15.974761009216309
2001-04-23,15.508346557617188
2001-04-24,15.698369979858398
2001-04-25,15.689728736877441
2001-04-26,15.594722747802734
2001-04-27,15.715643882751465
2001-04-30,16.043851852416992
2001-05-01,16.000669479370117
2001-05-02,16.035228729248047
2001-05-03,15.65518569946289
2001-05-04,16.829866409301758
2001-05-07,16.311622619628906
2001-05-08,16.665746688842773
2001-05-09,16.65279769897461
2001-05-10,16.33859634399414
2001-05-11,16.36041259765625
2001-05-14,16.364776611328125
2001-05-15,16.79244613647461
2001-05-16,16.692068099975586
2001-05-17,16.596065521240234
2001-05-18,16.273141860961914
2001-05-21,17.128469467163086
2001-05-22,16.888450622558594
2001-05-23,16.661529541015625
2001-05-24,16.657167434692383
2001-05-25,16.539337158203125
2001-05-29,16.953907012939453
2001-05-30,16.58296775817871
2001-05-31,16.997549057006836
2001-06-01,16.692068099975586
2001-06-04,16.888450622558594
2001-06-05,17.019376754760742
2001-06-06,16.866634368896484
2001-06-07,16.953907012939453
2001-06-08,16.888450622558594
2001-06-11,17.019376754760742
2001-06-12,17.089187622070312
2001-06-13,16.97573471069336
2001-06-14,16.5611629486084
2001-06-15,16.495697021484375
2001-06-18,16.452062606811523
2001-06-19,16.478239059448242
2001-06-20,16.910266876220703
2001-06-21,17.028093338012695
2001-06-22,17.019376754760742
2001-06-25,16.97573471069336
2001-06-26,17.04119110107422
2001-06-27,17.128469467163086
2001-06-28,16.731342315673828
2001-06-29,16.757535934448242
2001-07-02,16.713899612426758
2001-07-03,16.93209457397461
2001-07-05,16.945180892944336
2001-07-06,16.779346466064453
2001-07-09,16.801172256469727
2001-07-10,16.91463851928711
2001-07-11,16.639705657958984
2001-07-12,16.5611629486084
2001-07-13,16.408422470092773
2001-07-16,16.51752281188965
2001-07-17,16.661529541015625
2001-07-18,16.6484375
2001-07-19,16.233863830566406
2001-07-20,16.277502059936523
2001-07-23,16.14658546447754
2001-07-24,15.928380966186523
2001-07-25,16.168405532836914
2001-07-26,16.124759674072266
2001-07-27,16.037485122680664
2001-07-30,16.229496002197266
2001-07-31,16.364776611328125
2001-08-01,16.32112693786621
2001-08-02,16.32112693786621
2001-08-03,16.469511032104492
2001-08-06,16.25568199157715
2001-08-07,16.260040283203125
2001-08-08,16.334228515625
2001-08-09,16.54155158996582
2001-08-10,16.497434616088867
2001-08-13,16.673877716064453
2001-08-14,16.76210594177246
2001-08-15,16.76210594177246
2001-08-16,17.00912094116211
2001-08-17,16.572425842285156
2001-08-20,16.863567352294922
2001-08-21,17.291439056396484
2001-08-22,17.242916107177734
2001-08-23,17.18998908996582
2001-08-24,17.18115997314453
2001-08-27,16.942960739135742
2001-08-28,16.50185775756836
2001-08-29,16.665061950683594
2001-08-30,16.29894256591797
2001-08-31,16.232770919799805
2001-09-04,16.717998504638672
2001-09-05,16.51949691772461
2001-09-06,16.10044288635254
2001-09-07,15.800495147705078
2001-09-10,15.923993110656738
2001-09-17,15.196172714233398
2001-09-18,15.663741111755371
2001-09-19,15.747553825378418
2001-09-20,15.43878173828125
2001-09-21,15.107956886291504
2001-09-24,15.416723251342773
2001-09-25,15.610816955566406
2001-09-26,15.315276145935059
2001-09-27,16.36069679260254
2001-09-28,16.859149932861328
2001-10-01,16.31217384338379
2001-10-02,16.65182113647461
2001-10-03,16.74887466430664
2001-10-04,16.52390480041504
2001-10-05,16.80620765686035
2001-10-08,16.365116119384766
2001-10-09,16.77092933654785
2001-10-10,16.91649055480957
2001-10-11,17.25615119934082
2001-10-12,17.10616683959961
2001-10-15,17.278200149536133
2001-10-16,17.600210189819336
2001-10-17,17.313493728637695
2001-10-18,16.938549041748047
2001-10-19,16.607723236083984
2001-10-22,17.06646156311035
2001-10-23,16.717998504638672
2001-10-24,16.687116622924805
2001-10-25,16.82386589050293
2001-10-26,17.242916107177734
2001-10-29,17.137041091918945
2001-10-30,17.101755142211914
2001-10-31,17.026769638061523
2001-11-01,18.04132080078125
2001-11-02,18.085424423217773
2001-11-05,18.239818572998047
2001-11-06,18.50447654724121
2001-11-07,17.600210189819336
2001-11-08,17.710479736328125
2001-11-09,17.516407012939453
2001-11-12,17.463470458984375
2001-11-13,17.644325256347656
2001-11-14,17.644325256347656
2001-11-15,17.73788833618164
2001-11-16,17.702241897583008
2001-11-19,17.41707992553711
2001-11-20,17.36806297302246
2001-11-21,17.10964584350586
2001-11-23,17.421537399291992
2001-11-26,17.434911727905273
2001-11-27,17.24331283569336
2001-11-28,17.073999404907227
2001-11-29,17.613130569458008
2001-11-30,17.332426071166992
2001-12-03,17.270048141479492
2001-12-04,17.198753356933594
2001-12-05,16.88686752319336
2001-12-06,17.354707717895508
2001-12-07,17.216581344604492
2001-12-10,17.17202377319336
2001-12-11,17.12301254272461
2001-12-12,17.36806297302246
2001-12-13,16.708635330200195
2001-12-14,17.278953552246094
2001-12-17,17.532928466796875
2001-12-18,17.733427047729492
2001-12-19,17.376983642578125
2001-12-20,17.46610450744629
2001-12-21,17.773534774780273
2001-12-24,17.666601181030273
2001-12-26,17.907197952270508
2001-12-27,17.666601181030273
2001-12-28,17.724523544311523
2001-12-31,17.608680725097656
2002-01-02,17.52847671508789
2002-01-03,17.59531593322754
2002-01-04,17.54629135131836
2002-01-07,17.176477432250977
2002-01-08,17.36806297302246
2002-01-09,17.644323348999023
2002-01-10,17.403718948364258
2002-01-11,17.359149932861328
2002-01-14,17.46610450744629
2002-01-15,17.764625549316406
2002-01-16,17.777997970581055
2002-01-17,18.089887619018555
2002-01-18,17.978490829467773
2002-01-22,17.996318817138672
2002-01-23,18.134450912475586
2002-01-24,18.259206771850586
2002-01-25,18.357219696044922
2002-01-28,18.379501342773438
2002-01-29,18.42405891418457
2002-01-30,17.978490829467773
2002-01-31,17.911663055419922
2002-02-01,17.78244400024414
2002-02-04,17.59976577758789
2002-02-05,17.688879013061523
2002-02-06,17.80472755432129
2002-02-07,17.55520248413086
2002-02-08,17.907197952270508
2002-02-11,17.867101669311523
2002-02-12,17.751249313354492
2002-02-13,18.199262619018555
2002-02-14,18.190258026123047
2002-02-15,18.127214431762695
2002-02-19,17.974132537841797
2002-02-20,18.109209060668945
2002-02-21,17.875070571899414
2002-02-22,18.100208282470703
2002-02-25,17.897598266601562
2002-02-26,17.830047607421875
2002-02-27,17.839052200317383
2002-02-28,17.776031494140625
2002-03-01,17.604923248291016
2002-03-04,18.100208282470703
2002-03-05,18.271303176879883
2002-03-06,18.42888641357422
2002-03-07,17.9786376953125
2002-03-08,18.068693161010742
2002-03-11,17.992143630981445
2002-03-12,17.88858413696289
2002-03-13,17.96512794494629
2002-03-14,17.9786376953125
2002-03-15,18.23978614807129
2002-03-18,18.275802612304688
2002-03-19,18.25779151916504
2002-03-20,17.839052200317383
2002-03-21,18.064186096191406
2002-03-22,18.34334373474121
2002-03-25,17.58241081237793
2002-03-26,17.87958335876465
2002-03-27,18.39286994934082
2002-03-28,18.100208282470703
2002-04-01,17.75802230834961
2002-04-02,17.96512794494629
2002-04-03,17.740001678466797
2002-04-04,17.9786376953125
2002-04-05,18.320837020874023
2002-04-08,18.347843170166016
2002-04-09,18.487430572509766
2002-04-10,18.726055145263672
2002-04-11,18.55495834350586
2002-04-12,18.85212516784668
2002-04-15,18.356855392456055
2002-04-16,18.73055648803711
2002-04-17,19.090768814086914
2002-04-18,18.708045959472656
2002-04-19,18.793588638305664
2002-04-22,18.455900192260742
2002-04-23,18.703548431396484
2002-04-24,18.784587860107422
2002-04-25,19.009716033935547
2002-04-26,18.73055648803711
2002-04-29,18.685531616210938
2002-04-30,18.762073516845703
2002-05-01,18.910661697387695
2002-05-02,18.757583618164062
2002-05-03,18.586475372314453
2002-05-06,18.460405349731445
2002-05-07,18.190258026123047
2002-05-08,18.10470962524414
2002-05-09,18.10698127746582
2002-05-10,17.802169799804688
2002-05-13,17.865863800048828
2002-05-14,18.19797134399414
2002-05-15,18.22527313232422
2002-05-16,18.061477661132812
2002-05-17,18.24346923828125
2002-05-20,17.993244171142578
2002-05-21,17.884057998657227
2002-05-22,17.934091567993164
2002-05-23,18.398151397705078
2002-05-24,18.470947265625
2002-05-28,18.252565383911133
2002-05-29,18.17522621154785
2002-05-30,17.970497131347656
2002-05-31,17.861310958862305
2002-06-03,17.470050811767578
2002-06-04,17.206174850463867
2002-06-05,17.037857055664062
2002-06-06,16.58289909362793
2002-06-07,17.0697021484375
2002-06-10,17.156139373779297
2002-06-11,16.514657974243164
2002-06-12,16.414569854736328
2002-06-13,15.973264694213867
2002-06-14,16.087013244628906
2002-06-17,16.69209098815918
2002-06-18,16.68754005432129
2002-06-19,16.4782657623291
2002-06-20,16.05970573425293
2002-06-21,16.359970092773438
2002-06-24,16.141599655151367
2002-06-25,15.836788177490234
2002-06-26,15.513766288757324
2002-06-27,15.92776870727539
2002-06-28,16.27354621887207
2002-07-01,16.105199813842773
2002-07-02,15.563815116882324
2002-07-03,15.331788063049316
2002-07-05,15.66845417022705
2002-07-08,15.791287422180176
2002-07-09,15.536517143249512
2002-07-10,15.286295890808105
2002-07-11,15.322690963745117
2002-07-12,15.468274116516113
2002-07-15,15.377284049987793
2002-07-16,15.104315757751465
2002-07-17,14.904131889343262
2002-07-18,14.340004920959473
2002-07-19,14.808595657348633
2002-07-22,14.20351505279541
2002-07-23,13.853206634521484
2002-07-24,14.444634437561035
2002-07-25,14.471938133239746
2002-07-26,14.694864273071289
2002-07-29,15.604764938354492
2002-07-30,15.50011920928955
2002-07-31,15.682104110717773
2002-08-01,15.504681587219238
2002-08-02,15.013322830200195
2002-08-05,14.5629243850708
2002-08-06,14.672115325927734
2002-08-07,14.844996452331543
2002-08-08,15.215951919555664
2002-08-09,15.091531753540039
2002-08-12,15.156052589416504
2002-08-13,14.56159782409668
2002-08-14,15.2620267868042
2002-08-15,15.105354309082031
2002-08-16,15.12378215789795
2002-08-19,15.16525936126709
2002-08-20,15.160653114318848
2002-08-21,15.368022918701172
2002-08-22,15.437143325805664
2002-08-23,14.948670387268066
2002-08-26,15.137608528137207
2002-08-27,14.879560470581055
2002-08-28,14.621502876281738
2002-08-29,14.709062576293945
2002-08-30,14.60767650604248
2002-09-03,14.386488914489746
2002-09-04,14.580035209655762
2002-09-05,14.252849578857422
2002-09-06,14.35883903503418
2002-09-09,14.515514373779297
2002-09-10,14.45100212097168
2002-09-11,14.326581954956055
2002-09-12,14.16069507598877
2002-09-13,14.312761306762695
2002-09-16,14.372666358947754
2002-09-17,14.35883903503418
2002-09-18,14.427968978881836
2002-09-19,14.23902702331543
2002-09-20,14.285112380981445
2002-09-23,14.331196784973145
2002-09-24,14.215994834899902
2002-09-25,14.215994834899902
2002-09-26,14.699836730957031
2002-09-27,14.317368507385254
2002-09-30,14.146870613098145
2002-10-01,14.432577133178711
2002-10-02,14.192947387695312
2002-10-03,13.709101676940918
2002-10-04,13.515562057495117
2002-10-07,13.358875274658203
2002-10-08,13.478691101074219
2002-10-09,12.90268325805664
2002-10-10,13.455656051635742
2002-10-11,13.865777969360352
2002-10-14,14.031664848327637
2002-10-15,14.621502876281738
2002-10-16,14.672189712524414
2002-10-17,14.644549369812012
2002-10-18,14.543171882629395
2002-10-21,14.745917320251465
2002-10-22,14.427968978881836
2002-10-23,14.538555145263672
2002-10-24,14.257462501525879
2002-10-25,14.60767650604248
2002-10-28,14.262076377868652
2002-10-29,14.100786209106445
2002-10-30,14.031664848327637
2002-10-31,14.515514373779297
2002-11-01,14.423356056213379
2002-11-04,14.275896072387695
2002-11-05,13.925688743591309
2002-11-06,13.824299812316895
2002-11-07,13.962540626525879
2002-11-08,13.745963096618652
2002-11-11,13.644583702087402
2002-11-12,13.778219223022461
2002-11-13,13.847339630126953
2002-11-14,14.01321792602539
2002-11-15,14.424416542053223
2002-11-18,14.251527786254883
2002-11-19,14.031915664672852
2002-11-20,14.20479679107666
2002-11-21,14.214144706726074
2002-11-22,14.102001190185547
2002-11-25,14.20479679107666
2002-11-26,14.01321792602539
2002-11-27,14.34498119354248
2002-11-29,14.415068626403809
2002-12-02,14.508519172668457
2002-12-03,14.20479679107666
2002-12-04,14.34498119354248
2002-12-05,14.125362396240234
2002-12-06,13.971165657043457
2002-12-09,13.620715141296387
2002-12-10,14.064619064331055
2002-12-11,14.05994987487793
2002-12-12,13.648760795593262
2002-12-13,13.485210418701172
2002-12-16,13.620715141296387
2002-12-17,13.457179069519043
2002-12-18,13.433816909790039
2002-12-19,13.405778884887695
2002-12-20,13.550631523132324
2002-12-23,13.569319725036621
2002-12-24,13.690811157226562
2002-12-26,13.802949905395508
2002-12-27,13.38241958618164
2002-12-30,13.569319725036621
2002-12-31,13.653428077697754
2003-01-02,13.924437522888184
2003-01-03,13.957144737243652
2003-01-06,14.279560089111328
2003-01-07,14.139385223388672
2003-01-08,13.826316833496094
2003-01-09,13.877715110778809
2003-01-10,13.877715110778809
2003-01-13,13.718843460083008
2003-01-14,13.812295913696289
2003-01-15,13.728187561035156
2003-01-16,13.644084930419922
2003-01-17,13.326347351074219
2003-01-21,13.302977561950684
2003-01-22,13.041315078735352
2003-01-23,12.882442474365234
2003-01-24,12.653484344482422
2003-01-27,12.499286651611328
2003-01-28,12.424522399902344
2003-01-29,12.373125076293945
2003-01-30,12.190892219543457
2003-01-31,12.148843765258789
2003-02-03,12.032025337219238
2003-02-04,11.971282005310059
2003-02-05,11.85446548461914
2003-02-06,11.859140396118164
2003-02-07,11.77503490447998
2003-02-10,11.793717384338379
2003-02-11,11.85446548461914
2003-02-12,11.728582382202148
2003-02-13,11.733333587646484
2003-02-14,11.695327758789062
2003-02-18,11.866345405578613
2003-02-19,11.852089881896973
2003-02-20,11.68582534790039
2003-02-21,11.994596481323242
2003-02-24,11.84733772277832
2003-02-25,11.923343658447266
2003-02-26,11.600322723388672
2003-02-27,11.875844955444336
2003-02-28,11.828337669372559
2003-03-03,11.719078063964844
2003-03-04,11.666827201843262
2003-03-05,11.666827201843262
2003-03-06,11.476811408996582
2003-03-07,11.590821266174316
2003-03-10,11.17753791809082
2003-03-11,10.849767684936523
2003-03-12,10.588499069213867
2003-03-13,10.830765724182129
2003-03-14,10.921022415161133
2003-03-17,11.215542793273926
2003-03-18,11.134788513183594
2003-03-19,11.286800384521484
2003-03-20,11.348555564880371
2003-03-21,11.586067199707031
2003-03-24,11.082534790039062
2003-03-25,11.282050132751465
2003-03-26,11.20604419708252
2003-03-27,11.163289070129395
2003-03-28,11.13953971862793
2003-03-31,11.0065336227417
2003-04-01,11.120535850524902
2003-04-02,11.277298927307129
2003-04-03,11.367554664611816
2003-04-04,11.358054161071777
2003-04-07,11.529067993164062
2003-04-08,11.638328552246094
2003-04-09,11.443556785583496
2003-04-10,11.500566482543945
2003-04-11,11.353302955627441
2003-04-14,11.600322723388672
2003-04-15,11.5670747756958
2003-04-16,11.286800384521484
2003-04-17,11.557564735412598
2003-04-21,11.5670747756958
2003-04-22,12.018353462219238
2003-04-23,12.17036247253418
2003-04-24,11.78083610534668
2003-04-25,11.609820365905762
2003-04-28,11.947091102600098
2003-04-29,11.828337669372559
2003-04-30,11.73808479309082
2003-05-01,11.681077003479004
2003-05-02,12.037355422973633
2003-05-05,11.9518461227417
2003-05-06,11.923343658447266
2003-05-07,12.032604217529297
2003-05-08,11.918591499328613
2003-05-09,11.90434741973877
2003-05-12,12.246366500854492
2003-05-13,12.35087776184082
2003-05-14,12.303369522094727
2003-05-15,12.223710060119629
2003-05-16,11.991984367370605
2003-05-19,11.673362731933594
2003-05-20,11.813359260559082
2003-05-21,11.813359260559082
2003-05-22,11.673362731933594
2003-05-23,11.876117706298828
2003-05-27,12.378199577331543
2003-05-28,12.349231719970703
2003-05-29,12.320265769958496
2003-05-30,12.638896942138672
2003-06-02,12.86097240447998
2003-06-03,12.778902053833008
2003-06-04,12.856144905090332
2003-06-05,12.86097240447998
2003-06-06,12.720974922180176
2003-06-09,12.605106353759766
2003-06-10,12.479589462280273
2003-06-11,12.551997184753418
2003-06-12,12.759589195251465
2003-06-13,12.711308479309082
2003-06-16,13.03476333618164
2003-06-17,13.020279884338379
2003-06-18,13.121664047241211
2003-06-19,12.832003593444824
2003-06-20,13.020279884338379
2003-06-23,12.880280494689941
2003-06-24,13.126493453979492
2003-06-25,13.136144638061523
2003-06-26,13.25683307647705
2003-06-27,13.218217849731445
2003-06-30,13.092698097229004
2003-07-01,13.29063606262207
2003-07-02,13.536848068237305
2003-07-03,13.662365913391113
2003-07-07,13.85064697265625
2003-07-08,14.07271957397461
2003-07-09,14.125828742980957
2003-07-10,13.952028274536133
2003-07-11,14.000303268432617
2003-07-14,14.376863479614258
2003-07-15,14.405831336975098
2003-07-16,14.338245391845703
2003-07-17,13.942371368408203
2003-07-18,14.232036590576172
2003-07-21,13.952028274536133
2003-07-22,14.26099967956543
2003-07-23,13.91823959350586
2003-07-24,14.038919448852539
2003-07-25,14.386521339416504
2003-07-28,14.48790168762207
2003-07-29,14.507211685180664
2003-07-30,14.782392501831055
2003-07-31,14.743766784667969
2003-08-01,14.541003227233887
2003-08-04,14.1499662399292
2003-08-05,14.289970397949219
2003-08-06,14.362383842468262
2003-08-07,14.420313835144043
2003-08-08,14.410659790039062
2003-08-11,14.30927848815918
2003-08-12,14.647223472595215
2003-08-13,14.429969787597656
2003-08-14,14.676180839538574
2003-08-15,14.634573936462402
2003-08-18,14.737369537353516
2003-08-19,14.781414031982422
2003-08-20,14.781414031982422
2003-08-21,14.703100204467773
2003-08-22,14.458375930786133
2003-08-25,14.433906555175781
2003-08-26,14.409432411193848
2003-08-27,14.375168800354004
2003-08-28,14.375168800354004
2003-08-29,14.497538566589355
2003-09-02,14.840147972106934
2003-09-03,14.903773307800293
2003-09-04,14.967402458190918
2003-09-05,14.737369537353516
2003-09-08,15.00167465209961
2003-09-09,14.898885726928711
2003-09-10,14.776522636413574
2003-09-11,14.952722549438477
2003-09-12,15.158296585083008
2003-09-15,15.148502349853516
2003-09-16,15.339393615722656
2003-09-17,15.270867347717285
2003-09-18,15.5547456741333
2003-09-19,15.598797798156738
2003-09-22,15.329601287841797
2003-09-23,15.319808006286621
2003-09-24,15.202341079711914
2003-09-25,14.967402458190918
2003-09-26,14.874407768249512
2003-09-29,15.099557876586914
2003-09-30,14.908672332763672
2003-10-01,15.18765640258789
2003-10-02,15.363866806030273
2003-10-03,15.598797798156738
2003-10-06,15.7113676071167
2003-10-07,15.677105903625488
2003-10-08,15.579218864440918
2003-10-09,15.535170555114746
2003-10-10,15.505803108215332
2003-10-13,15.7603178024292
2003-10-14,15.770112037658691
2003-10-15,15.838627815246582
2003-10-16,15.956095695495605
2003-10-17,15.88267707824707
2003-10-20,15.735840797424316
2003-10-21,15.833734512329102
2003-10-22,15.510697364807129
2003-10-23,15.745633125305176
2003-10-24,15.7113676071167
2003-10-27,16.01482582092285
2003-10-28,16.29871940612793
2003-10-29,16.455341339111328
2003-10-30,16.719633102416992
2003-10-31,18.10968017578125
2003-11-03,18.060741424560547
2003-11-04,18.69211769104004
2003-11-05,18.750856399536133
2003-11-06,18.980899810791016
2003-11-07,18.648075103759766
2003-11-10,18.486560821533203
2003-11-11,18.555078506469727
2003-11-12,18.917278289794922
2003-11-13,18.961322784423828
2003-11-14,18.623600006103516
2003-11-17,18.790008544921875
2003-11-18,18.403350830078125
2003-11-19,18.55018424987793
2003-11-20,18.35965919494629
2003-11-21,18.295320510864258
2003-11-24,18.5576114654541
2003-11-25,18.448728561401367
2003-11-26,18.66648292541504
2003-11-28,18.72092056274414
2003-12-01,18.775354385375977
2003-12-02,18.805038452148438
2003-12-03,18.597209930419922
2003-12-04,18.701114654541016
2003-12-05,18.61698341369629
2003-12-08,18.805038452148438
2003-12-09,18.592241287231445
2003-12-10,18.473480224609375
2003-12-11,18.46853256225586
2003-12-12,18.656585693359375
2003-12-15,18.52790641784668
2003-12-16,18.53286361694336
2003-12-17,18.56255531311035
2003-12-18,18.740711212158203
2003-12-19,19.547344207763672
2003-12-22,20.690500259399414
2003-12-23,20.052114486694336
2003-12-24,20.240156173706055
2003-12-26,20.25006103515625
2003-12-29,20.88349151611328
2003-12-30,20.8785457611084
2003-12-31,20.4925479888916
2004-01-02,20.99236297607422
2004-01-05,20.65089988708496
2004-01-06,20.87360954284668
2004-01-07,20.79936408996582
2004-01-08,20.70534324645996
2004-01-09,20.43316078186035
2004-01-12,20.730091094970703
2004-01-13,21.106185913085938
2004-01-14,21.0517520904541
2004-01-15,21.00227165222168
2004-01-16,21.23485565185547
2004-01-20,21.556533813476562
2004-01-21,21.37836265563965
2004-01-22,21.497129440307617
2004-01-23,21.601045608520508
2004-01-26,21.724775314331055
2004-01-27,21.74951934814453
2004-01-28,21.516918182373047
2004-01-29,21.6851806640625
2004-01-30,21.803956985473633
2004-02-02,20.720191955566406
2004-02-03,21.957351684570312
2004-02-04,21.601045608520508
2004-02-05,21.70003318786621
2004-02-06,21.65054702758789
2004-02-09,21.70003318786621
2004-02-10,22.170162200927734
2004-02-11,22.202621459960938
2004-02-12,21.95288848876953
2004-02-13,21.703123092651367
2004-02-17,22.207624435424805
2004-02-18,21.828001022338867
2004-02-19,21.353479385375977
2004-02-20,21.5183048248291
2004-02-23,21.558273315429688
2004-02-24,21.5183048248291
2004-02-25,21.58324432373047
2004-02-26,21.847972869873047
2004-02-27,21.653181076049805
2004-03-01,21.628196716308594
2004-03-02,21.778053283691406
2004-03-03,21.66817283630371
2004-03-04,21.728097915649414
2004-03-05,21.603229522705078
2004-03-08,21.62321662902832
2004-03-09,21.728097915649414
2004-03-10,21.398441314697266
2004-03-11,20.843997955322266
2004-03-12,21.088748931884766
2004-03-15,20.43439483642578
2004-03-16,20.584257125854492
2004-03-17,21.233606338500977
2004-03-18,21.313514709472656
2004-03-19,20.689151763916016
2004-03-22,20.31951332092285
2004-03-23,20.099742889404297
2004-03-24,19.730113983154297
2004-03-25,20.44939422607422
2004-03-26,20.674165725708008
2004-03-29,20.883953094482422
2004-03-30,21.053773880004883
2004-03-31,21.42840576171875
2004-04-01,21.303531646728516
2004-04-02,21.493337631225586
2004-04-05,22.027801513671875
2004-04-06,21.633188247680664
2004-04-07,21.628196716308594
2004-04-08,21.53829574584961
2004-04-12,21.603229522705078
2004-04-13,21.353479385375977
2004-04-14,20.953882217407227
2004-04-15,20.86897087097168
2004-04-16,21.24358367919922
2004-04-19,21.303531646728516
2004-04-20,20.883953094482422
2004-04-21,21.108722686767578
2004-04-22,21.59823226928711
2004-04-23,21.253576278686523
2004-04-26,20.20961570739746
2004-04-27,20.279556274414062
2004-04-28,19.705135345458984
2004-04-29,19.87996482849121
2004-04-30,19.805038452148438
2004-05-03,19.705135345458984
2004-05-04,19.37047576904297
2004-05-05,19.55529022216797
2004-05-06,19.575275421142578
2004-05-07,18.99086570739746
2004-05-10,18.54631233215332
2004-05-11,19.37047576904297
2004-05-12,19.445405960083008
2004-05-13,19.488313674926758
2004-05-14,19.533750534057617
2004-05-17,19.493366241455078
2004-05-18,19.518606185913086
2004-05-19,19.665023803710938
2004-05-20,19.816486358642578
2004-05-21,19.750850677490234
2004-05-24,19.766000747680664
2004-05-25,19.942705154418945
2004-05-26,20.447587966918945
2004-05-27,20.745466232299805
2004-05-28,20.245637893676758
2004-06-01,20.689931869506836
2004-06-02,20.654579162597656
2004-06-03,21.043338775634766
2004-06-04,21.154417037963867
2004-06-07,21.305883407592773
2004-06-08,21.376567840576172
2004-06-09,21.05344581604004
2004-06-10,21.255390167236328
2004-06-14,21.154417037963867
2004-06-15,21.58356285095215
2004-06-16,21.487642288208008
2004-06-17,21.20490264892578
2004-06-18,21.0685977935791
2004-06-21,21.093835830688477
2004-06-22,20.93227195739746
2004-06-23,21.44219207763672
2004-06-24,21.305883407592773
2004-06-25,21.55832290649414
2004-06-28,21.33616828918457
2004-06-29,21.4068603515625
2004-06-30,21.50783348083496
2004-07-01,21.341232299804688
2004-07-02,21.528032302856445
2004-07-06,21.23520278930664
2004-07-07,21.48259162902832
2004-07-08,21.0281925201416
2004-07-09,21.45734214782715
2004-07-12,21.381610870361328
2004-07-13,21.401803970336914
2004-07-14,21.785520553588867
2004-07-15,21.881437301635742
2004-07-16,21.861242294311523
2004-07-19,21.972318649291992
2004-07-20,22.39642333984375
2004-07-21,21.64415740966797
2004-07-22,21.48259162902832
2004-07-23,21.10392951965332
2004-07-26,21.23014259338379
2004-07-27,21.5886173248291
2004-07-28,21.45734214782715
2004-07-29,21.649187088012695
2004-07-30,21.0281925201416
2004-08-02,21.250347137451172
2004-08-03,22.01776123046875
2004-08-04,21.174612045288086
2004-08-05,21.13422203063965
2004-08-06,20.9019832611084
2004-08-09,21.639102935791016
2004-08-10,21.144317626953125
2004-08-11,21.043338775634766
2004-08-12,20.673625946044922
2004-08-13,20.52573585510254
2004-08-16,21.076492309570312
2004-08-17,20.98979949951172
2004-08-18,21.367170333862305
2004-08-19,21.606842041015625
2004-08-20,21.683340072631836
2004-08-23,21.770029067993164
2004-08-24,21.76493263244629
2004-08-25,21.96891212463379
2004-08-26,21.657848358154297
2004-08-27,21.520156860351562
2004-08-30,21.336576461791992
2004-08-31,21.392667770385742
2004-09-01,21.64764976501465
2004-09-02,21.80063247680664
2004-09-03,21.540552139282227
2004-09-07,22.18309783935547
2004-09-08,22.12191390991211
2004-09-09,22.132097244262695
2004-09-10,22.15250587463379
2004-09-13,22.264694213867188
2004-09-14,21.795522689819336
2004-09-15,21.759838104248047
2004-09-16,22.23409652709961
2004-09-17,21.520156860351562
2004-09-20,21.50996208190918
2004-09-21,21.566041946411133
2004-09-22,21.285572052001953
2004-09-23,20.867406845092773
2004-09-24,21.163185119628906
2004-09-27,20.98979949951172
2004-09-28,21.2039737701416
2004-09-29,20.673625946044922
2004-09-30,21.19887351989746
2004-10-01,21.8414249420166
2004-10-04,21.928123474121094
2004-10-05,22.076005935668945
2004-10-06,22.198396682739258
2004-10-07,22.05560874938965
2004-10-08,21.72922706604004
2004-10-11,21.94342041015625
2004-10-12,21.698638916015625
2004-10-13,21.64764976501465
2004-10-14,21.12239646911621
2004-10-15,21.367170333862305
2004-10-18,21.12239646911621
2004-10-19,20.70421028137207
2004-10-20,20.775615692138672
2004-10-21,20.852108001708984
2004-10-22,20.70421028137207
2004-10-25,21.10198974609375
2004-10-26,21.13768196105957
2004-10-27,21.59154510498047
2004-10-28,21.963809967041016
2004-10-29,22.019906997680664
2004-11-01,21.362075805664062
2004-11-02,21.392667770385742
2004-11-03,21.963809967041016
2004-11-04,23.335594177246094
2004-11-05,23.371299743652344
2004-11-08,23.47327995300293
2004-11-09,23.621170043945312
2004-11-10,23.54142189025879
2004-11-11,23.695783615112305
2004-11-12,24.236085891723633
2004-11-15,23.839862823486328
2004-11-16,23.469369888305664
2004-11-17,23.77811622619629
2004-11-18,23.60831069946289
2004-11-19,23.474519729614258
2004-11-22,23.459074020385742
2004-11-23,23.932483673095703
2004-11-24,24.15888786315918
2004-11-26,24.184619903564453
2004-11-29,24.39044189453125
2004-11-30,24.513938903808594
2004-12-01,25.16229248046875
2004-12-02,25.66143226623535
2004-12-03,24.565391540527344
2004-12-06,24.097145080566406
2004-12-07,23.91704750061035
2004-12-08,23.88102912902832
2004-12-09,23.659761428833008
2004-12-10,23.901609420776367
2004-12-13,23.978797912597656
2004-12-14,24.13317108154297
2004-12-15,24.256662368774414
2004-12-16,24.107439041137695
2004-12-17,23.263540267944336
2004-12-20,23.387042999267578
2004-12-21,23.37675666809082
2004-12-22,23.181217193603516
2004-12-23,23.412776947021484
2004-12-27,23.32529640197754
2004-12-28,23.659761428833008
2004-12-29,23.556852340698242
2004-12-30,23.572290420532227
2004-12-31,23.387042999267578
2005-01-03,22.764413833618164
2005-01-04,22.867334365844727
2005-01-05,22.949665069580078
2005-01-06,23.104028701782227
2005-01-07,23.016565322875977
2005-01-10,23.124616622924805
2005-01-11,22.53286361694336
2005-01-12,22.40937042236328
2005-01-13,22.383636474609375
2005-01-14,22.1881103515625
2005-01-18,22.34247589111328
2005-01-19,22.146942138671875
2005-01-20,21.997713088989258
2005-01-21,21.591205596923828
2005-01-24,21.63237762451172
2005-01-25,21.359649658203125
2005-01-26,21.591205596923828
2005-01-27,21.405960083007812
2005-01-28,21.14353370666504
2005-01-31,22.038888931274414
2005-02-01,22.177804946899414
2005-02-02,22.193246841430664
2005-02-03,22.213823318481445
2005-02-04,22.89820098876953
2005-02-07,22.48655128479004
2005-02-08,23.32529640197754
2005-02-09,23.80384063720703
2005-02-10,24.138818740844727
2005-02-11,24.227113723754883
2005-02-14,24.741243362426758
2005-02-15,24.476398468017578
2005-02-16,24.512741088867188
2005-02-17,24.325775146484375
2005-02-18,24.237489700317383
2005-02-22,24.04533576965332
2005-02-23,24.22191619873047
2005-02-24,24.237489700317383
2005-02-25,24.149198532104492
2005-02-28,24.346553802490234
2005-03-01,24.673748016357422
2005-03-02,24.58024787902832
2005-03-03,24.393287658691406
2005-03-04,24.414066314697266
2005-03-07,24.486766815185547
2005-03-08,24.382898330688477
2005-03-09,24.190757751464844
2005-03-10,24.04533576965332
2005-03-11,23.74411964416504
2005-03-14,24.12323570251465
2005-03-15,23.702564239501953
2005-03-16,23.6402587890625
2005-03-17,23.81682777404785
2005-03-18,23.785663604736328
2005-03-21,23.84799575805664
2005-03-22,23.70777130126953
2005-03-23,23.57792854309082
2005-03-24,23.468870162963867
2005-03-28,23.723350524902344
2005-03-29,23.785663604736328
2005-03-30,23.754505157470703
2005-03-31,23.57792854309082
2005-04-01,23.380578994750977
2005-04-04,23.614295959472656
2005-04-05,23.775285720825195
2005-04-06,23.66102409362793
2005-04-07,23.951852798461914
2005-04-08,23.80644416809082
2005-04-11,23.650644302368164
2005-04-12,24.05571746826172
2005-04-13,23.723350524902344
2005-04-14,23.42213249206543
2005-04-15,23.141677856445312
2005-04-18,23.31825828552246
2005-04-19,23.68698501586914
2005-04-20,23.16246223449707
2005-04-21,23.67142105102539
2005-04-22,23.479251861572266
2005-04-25,23.697385787963867
2005-04-26,23.520803451538086
2005-04-27,23.681804656982422
2005-04-28,23.65583610534668
2005-04-29,23.629871368408203
2005-05-02,23.88953971862793
2005-05-03,23.96223258972168
2005-05-04,24.871089935302734
2005-05-05,24.75162696838379
2005-05-06,24.601016998291016
2005-05-09,24.647768020629883
2005-05-10,24.38809585571289
2005-05-11,24.601016998291016
2005-05-12,24.446443557739258
2005-05-13,24.194896697998047
2005-05-16,24.362590789794922
2005-05-17,25.06480598449707
2005-05-18,25.704124450683594
2005-05-19,25.777482986450195
2005-05-20,25.90325927734375
2005-05-23,26.123361587524414
2005-05-24,26.238649368286133
2005-05-25,26.04474639892578
2005-05-26,26.181007385253906
2005-05-27,26.14956283569336
2005-05-31,26.091920852661133
2005-06-01,26.201974868774414
2005-06-02,26.275341033935547
2005-06-03,26.212453842163086
2005-06-06,25.95567512512207
2005-06-07,26.254362106323242
2005-06-08,26.54259490966797
2005-06-09,26.196741104125977
2005-06-10,26.04474639892578
2005-06-13,26.160043716430664
2005-06-14,25.992355346679688
2005-06-15,26.201974868774414
2005-06-16,26.165285110473633
2005-06-17,25.95567512512207
2005-06-20,26.04474639892578
2005-06-21,26.165285110473633
2005-06-22,26.191486358642578
2005-06-23,25.74081039428711
2005-06-24,25.127696990966797
2005-06-27,25.594078063964844
2005-06-28,25.88754653930664
2005-06-29,25.76177406311035
2005-06-30,25.730329513549805
2005-07-01,26.181007385253906
2005-07-05,26.4639835357666
2005-07-06,26.43778419494629
2005-07-07,26.458742141723633
2005-07-08,26.453514099121094
2005-07-11,26.568809509277344
2005-07-12,26.49542236328125
2005-07-13,26.364416122436523
2005-07-14,26.553070068359375
2005-07-15,26.516399383544922
2005-07-18,26.547832489013672
2005-07-19,26.867502212524414
2005-07-20,26.684091567993164
2005-07-21,26.684091567993164
2005-07-22,27.449172973632812
2005-07-25,27.171445846557617
2005-07-26,27.239566802978516
2005-07-27,27.821239471435547
2005-07-28,28.135665893554688
2005-07-29,27.90509796142578
2005-08-01,27.711193084716797
2005-08-02,28.041336059570312
2005-08-03,27.878887176513672
2005-08-04,27.758363723754883
2005-08-05,27.33913230895996
2005-08-08,27.250041961669922
2005-08-09,27.11379623413086
2005-08-10,27.040430068969727
2005-08-11,27.22800064086914
2005-08-12,27.18044662475586
2005-08-15,27.111770629882812
2005-08-16,26.879262924194336
2005-08-17,26.78416633605957
2005-08-18,25.896451950073242
2005-08-19,25.870037078857422
2005-08-22,25.7326602935791
2005-08-23,25.39448356628418
2005-08-24,24.998199462890625
2005-08-25,25.135578155517578
2005-08-26,24.92949867248535
2005-08-29,24.83439064025879
2005-08-30,24.533218383789062
2005-08-31,24.39582633972168
2005-09-01,24.496219635009766
2005-09-02,24.337705612182617
2005-09-06,24.728713989257812
2005-09-07,24.823823928833008
2005-09-08,24.813261032104492
2005-09-09,25.146142959594727
2005-09-12,25.262380599975586
2005-09-13,25.410343170166016
2005-09-14,25.272964477539062
2005-09-15,25.61111831665039
2005-09-16,25.415634155273438
2005-09-19,25.209552764892578
2005-09-20,25.056316375732422
2005-09-21,24.644168853759766
2005-09-22,24.63890266418457
2005-09-23,25.014049530029297
2005-09-26,24.987628936767578
2005-09-27,24.992910385131836
2005-09-28,25.193714141845703
2005-09-29,25.09857749938965
2005-09-30,25.07745361328125
2005-10-03,25.09857749938965
2005-10-04,24.903093338012695
2005-10-05,24.369415283203125
2005-10-06,24.570209503173828
2005-10-07,24.517370223999023
2005-10-10,24.11577796936035
2005-10-11,23.772329330444336
2005-10-12,23.793460845947266
2005-10-13,23.428876876831055
2005-10-14,24.078794479370117
2005-10-17,23.73534393310547
2005-10-18,23.67194175720215
2005-10-19,23.550399780273438
2005-10-20,23.249217987060547
2005-10-21,23.4764347076416
2005-10-24,23.69306755065918
2005-10-25,23.4605770111084
2005-10-26,23.196378707885742
2005-10-27,23.49228286743164
2005-10-28,24.010107040405273
2005-10-31,24.30599021911621
2005-11-01,24.559633255004883
2005-11-02,24.7921199798584
2005-11-03,24.047088623046875
2005-11-04,24.184476852416992
2005-11-07,24.2161808013916
2005-11-08,23.78289031982422
2005-11-09,24.00425910949707
2005-11-10,24.569700241088867
2005-11-11,24.62837028503418
2005-11-14,24.7670841217041
2005-11-15,24.126951217651367
2005-11-16,24.164297103881836
2005-11-17,24.57503318786621
2005-11-18,24.761747360229492
2005-11-21,24.7670841217041
2005-11-22,24.863082885742188
2005-11-23,25.21514129638672
2005-11-25,25.151142120361328
2005-11-28,25.028451919555664
2005-11-29,25.31116485595703
2005-11-30,25.284486770629883
2005-12-01,25.567209243774414
2005-12-02,25.535205841064453
2005-12-05,25.103132247924805
2005-12-06,24.687061309814453
2005-12-07,24.46834945678711
2005-12-08,24.569700241088867
2005-12-09,24.86841583251953
2005-12-12,24.825756072998047
2005-12-13,24.90042495727539
2005-12-14,24.77240753173828
2005-12-15,24.319000244140625
2005-12-16,24.591033935546875
2005-12-19,24.39366912841797
2005-12-20,24.548376083374023
2005-12-21,24.75107765197754
2005-12-22,24.729726791381836
2005-12-23,24.66571617126465
2005-12-27,24.297651290893555
2005-12-28,24.50568962097168
2005-12-29,24.463010787963867
2005-12-30,24.030941009521484
2006-01-03,24.548376083374023
2006-01-04,24.87908363342285
2006-01-05,24.82041358947754
2006-01-06,24.87908363342285
2006-01-09,24.996429443359375
2006-01-10,24.95375633239746
2006-01-11,24.831073760986328
2006-01-12,24.441680908203125
2006-01-13,24.46834945678711
2006-01-17,24.121618270874023
2006-01-18,24.00425910949707
2006-01-19,24.164297103881836
2006-01-20,23.68954086303711
2006-01-23,23.8975887298584
2006-01-24,23.886913299560547
2006-01-25,23.684206008911133
2006-01-26,23.92958641052246
2006-01-27,23.8975887298584
2006-01-30,23.860248565673828
2006-01-31,23.58285903930664
2006-02-01,25.529869079589844
2006-02-02,25.32183074951172
2006-02-03,24.83641242980957
2006-02-06,24.591033935546875
2006-02-07,24.324323654174805
2006-02-08,24.137636184692383
2006-02-09,24.864830017089844
2006-02-10,25.166475296020508
2006-02-13,25.150320053100586
2006-02-14,25.753618240356445
2006-02-15,25.861366271972656
2006-02-16,26.00141143798828
2006-02-17,25.796724319458008
2006-02-21,25.732080459594727
2006-02-22,26.09299087524414
2006-02-23,25.963693618774414
2006-02-24,25.839813232421875
2006-02-27,26.179168701171875
2006-02-28,26.044511795043945
2006-03-01,26.146854400634766
2006-03-02,25.855979919433594
2006-03-03,25.678213119506836
2006-03-06,25.53815269470215
2006-03-07,25.548931121826172
2006-03-08,25.656667709350586
2006-03-09,25.748239517211914
2006-03-10,25.83441734313965
2006-03-13,25.904447555541992
2006-03-14,26.060659408569336
2006-03-15,26.394641876220703
2006-03-16,26.47543716430664
2006-03-17,26.572389602661133
2006-03-20,26.51852798461914
2006-03-21,26.211490631103516
2006-03-22,26.491594314575195
2006-03-23,25.95832633972168
2006-03-24,25.96908950805664
2006-03-27,25.705156326293945
2006-03-28,25.27960777282715
2006-03-29,25.306529998779297
2006-03-30,25.139543533325195
2006-03-31,25.05335235595703
2006-04-03,26.588560104370117
2006-04-04,26.712448120117188
2006-04-05,26.809415817260742
2006-04-06,26.593950271606445
2006-04-07,26.43773078918457
2006-04-10,26.51852798461914
2006-04-11,26.02296257019043
2006-04-12,26.146854400634766
2006-04-13,25.974483489990234
2006-04-17,26.012174606323242
2006-04-18,26.383852005004883
2006-04-19,26.572389602661133
2006-04-20,26.620874404907227
2006-04-21,26.27073860168457
2006-04-24,26.389249801635742
2006-04-25,26.28691291809082
2006-04-26,26.071453094482422
2006-04-27,25.925996780395508
2006-04-28,26.313838958740234
2006-05-01,25.925996780395508
2006-05-02,26.211490631103516
2006-05-03,26.071453094482422
2006-05-04,26.168397903442383
2006-05-05,26.125307083129883
2006-05-08,26.340774536132812
2006-05-09,26.03911018371582
2006-05-10,25.996021270751953
2006-05-11,25.7676944732666
2006-05-12,25.756837844848633
2006-05-15,25.80031967163086
2006-05-16,25.849245071411133
2006-05-17,25.479585647583008
2006-05-18,24.92509651184082
2006-05-19,24.506498336791992
2006-05-22,24.202070236206055
2006-05-23,24.049861907958984
2006-05-24,24.218374252319336
2006-05-25,24.810922622680664
2006-05-26,24.80548858642578
2006-05-30,24.169452667236328
2006-05-31,24.359722137451172
2006-06-01,24.76744270324707
2006-06-02,24.89791488647461
2006-06-05,24.327102661132812
2006-06-06,24.24557113647461
2006-06-07,24.332544326782227
2006-06-08,24.250993728637695
2006-06-09,24.196624755859375
2006-06-12,23.892200469970703
2006-06-13,23.4029483795166
2006-06-14,23.131145477294922
2006-06-15,23.865022659301758
2006-06-16,23.647581100463867
2006-06-19,23.397499084472656
2006-06-20,23.147445678710938
2006-06-21,23.27791404724121
2006-06-22,23.1691837310791
2006-06-23,23.09307861328125
2006-06-26,23.294221878051758
2006-06-27,23.239864349365234
2006-06-28,23.604089736938477
2006-06-29,23.555160522460938
2006-06-30,23.696495056152344
2006-07-03,23.865022659301758
2006-07-05,23.66388702392578
2006-07-06,23.5769100189209
2006-07-07,23.52254295349121
2006-07-10,23.566028594970703
2006-07-11,23.647581100463867
2006-07-12,23.44100570678711
2006-07-13,22.859329223632812
2006-07-14,22.484230041503906
2006-07-17,22.489656448364258
2006-07-18,22.332012176513672
2006-07-19,22.56032943725586
2006-07-20,22.408117294311523
2006-07-21,22.239595413208008
2006-07-24,22.45160675048828
2006-07-25,22.478784561157227
2006-07-26,22.196109771728516
2006-07-27,21.782943725585938
2006-07-28,21.864492416381836
2006-07-31,21.74489402770996
2006-08-01,22.832141876220703
2006-08-02,22.886503219604492
2006-08-03,23.109378814697266
2006-08-04,22.989788055419922
2006-08-07,22.919116973876953
2006-08-08,22.96805191040039
2006-08-09,22.810392379760742
2006-08-10,23.0136775970459
2006-08-11,22.92576789855957
2006-08-14,23.10157585144043
2006-08-15,23.61249542236328
2006-08-16,23.843236923217773
2006-08-17,23.837751388549805
2006-08-18,23.980581283569336
2006-08-21,23.716867446899414
2006-08-22,23.700397491455078
2006-08-23,23.733366012573242
2006-08-24,23.744346618652344
2006-08-25,23.48064422607422
2006-08-28,23.694908142089844
2006-08-29,23.947620391845703
2006-08-30,23.953121185302734
2006-08-31,24.106945037841797
2006-09-01,24.216808319091797
2006-09-05,24.41459846496582
2006-09-06,24.20583152770996
2006-09-07,24.348676681518555
2006-09-08,24.606874465942383
2006-09-11,24.683792114257812
2006-09-12,24.826627731323242
2006-09-13,24.80466651916504
2006-09-14,24.760711669921875
2006-09-15,24.61786651611328
2006-09-18,24.81015396118164
2006-09-19,24.55193519592285
2006-09-20,24.821134567260742
2006-09-21,24.57942008972168
2006-09-22,24.44755744934082
2006-09-25,24.33768081665039
2006-09-26,24.453046798706055
2006-09-27,24.370651245117188
2006-09-28,24.326692581176758
2006-09-29,24.266267776489258
2006-10-02,24.326692581176758
2006-10-03,24.321205139160156
2006-10-04,24.50250244140625
2006-10-05,24.48600959777832
2006-10-06,24.194847106933594
2006-10-09,24.28274917602539
2006-10-10,24.23879051208496
2006-10-11,24.156383514404297
2006-10-12,24.28274917602539
2006-10-13,24.41459846496582
2006-10-16,24.321205139160156
2006-10-17,24.0575008392334
2006-10-18,24.101449966430664
2006-10-19,24.079477310180664
2006-10-20,23.964111328125
2006-10-23,24.33768081665039
2006-10-24,24.299224853515625
2006-10-25,24.0849609375
2006-10-26,24.134418487548828
2006-10-27,23.623489379882812
2006-10-30,23.72787094116211
2006-10-31,23.58502769470215
2006-11-01,24.008056640625
2006-11-02,24.22780990600586
2006-11-03,24.79366683959961
2006-11-06,25.30459213256836
2006-11-07,25.897937774658203
2006-11-08,26.128681182861328
2006-11-09,26.206300735473633
2006-11-10,26.45029067993164
2006-11-13,26.705366134643555
2006-11-14,26.927165985107422
2006-11-15,26.733095169067383
2006-11-16,27.004804611206055
2006-11-17,27.132349014282227
2006-11-20,27.087976455688477
2006-11-21,27.148983001708984
2006-11-22,27.176698684692383
2006-11-24,27.26542854309082
2006-11-27,26.843992233276367
2006-11-28,26.838455200195312
2006-11-29,27.34304428100586
2006-11-30,27.126789093017578
2006-12-01,27.46505355834961
2006-12-04,27.742319107055664
2006-12-05,27.770038604736328
2006-12-06,28.01956558227539
2006-12-07,27.831024169921875
2006-12-08,27.808847427368164
2006-12-11,27.964107513427734
2006-12-12,28.008481979370117
2006-12-13,28.014020919799805
2006-12-14,28.1859188079834
2006-12-15,28.230276107788086
2006-12-18,28.0029354095459
2006-12-19,27.936386108398438
2006-12-20,27.97519874572754
2006-12-21,27.903114318847656
2006-12-22,27.836566925048828
2006-12-26,28.258005142211914
2006-12-27,28.152645111083984
2006-12-28,28.208101272583008
2006-12-29,27.786657333374023
2007-01-03,28.757062911987305
2007-01-04,28.707170486450195
2007-01-05,28.230276107788086
2007-01-08,28.158184051513672
2007-01-09,28.36336898803711
2007-01-10,28.540802001953125
2007-01-11,28.801429748535156
2007-01-12,29.001052856445312
2007-01-16,29.05649757385254
2007-01-17,28.945592880249023
2007-01-18,28.668344497680664
2007-01-19,28.679441452026367
2007-01-22,28.274635314941406
2007-01-23,28.40772819519043
2007-01-24,28.496444702148438
2007-01-25,28.16929817199707
2007-01-26,28.208101272583008
2007-01-29,28.213655471801758
2007-01-30,28.346725463867188
2007-01-31,28.396625518798828
2007-02-01,29.095333099365234
2007-02-02,29.167402267456055
2007-02-05,27.692401885986328
2007-02-06,27.60921859741211
2007-02-07,27.409605026245117
2007-02-08,27.5205078125
2007-02-09,27.148983001708984
2007-02-12,27.121252059936523
2007-02-13,27.054712295532227
2007-02-14,26.878395080566406
2007-02-15,26.867210388183594
2007-02-16,26.800037384033203
2007-02-20,26.872791290283203
2007-02-21,26.79443359375
2007-02-22,26.79443359375
2007-02-23,26.716068267822266
2007-02-26,26.553741455078125
2007-02-27,25.5742130279541
2007-02-28,25.6133975982666
2007-03-01,25.842885971069336
2007-03-02,25.607797622680664
2007-03-05,24.67864227294922
2007-03-06,24.829774856567383
2007-03-07,24.829774856567383
2007-03-08,25.18239974975586
2007-03-09,25.25516128540039
2007-03-12,25.193588256835938
2007-03-13,24.85216522216797
2007-03-14,24.919330596923828
2007-03-15,25.160017013549805
2007-03-16,25.092844009399414
2007-03-19,25.495847702026367
2007-03-20,25.893253326416016
2007-03-21,26.229108810424805
2007-03-22,26.35784912109375
2007-03-23,26.553741455078125
2007-03-26,26.6377010345459
2007-03-27,26.3018741607666
2007-03-28,26.117158889770508
2007-03-29,26.11156463623047
2007-03-30,26.346654891967773
2007-04-02,26.44179344177246
2007-04-03,26.50337791442871
2007-04-04,26.727270126342773
2007-04-05,26.79443359375
2007-04-09,26.66569709777832
2007-04-10,26.682485580444336
2007-04-11,26.52576446533203
2007-04-12,26.520160675048828
2007-04-13,26.536954879760742
2007-04-16,26.928768157958984
2007-04-17,26.934358596801758
2007-04-18,26.872791290283203
2007-04-19,26.816831588745117
2007-04-20,26.945558547973633
2007-04-23,26.81122398376465
2007-04-24,26.783239364624023
2007-04-25,27.029518127441406
2007-04-26,26.77764129638672
2007-04-27,26.69368553161621
2007-04-30,26.391420364379883
2007-05-01,26.604122161865234
2007-05-02,26.58733367919922
2007-05-03,26.542558670043945
2007-05-04,26.72167205810547
2007-05-07,26.89518165588379
2007-05-08,26.69927978515625
2007-05-09,26.583423614501953
2007-05-10,26.662548065185547
2007-05-11,26.786876678466797
2007-05-14,26.639944076538086
2007-05-15,26.594743728637695
2007-05-16,26.979019165039062
2007-05-17,27.063785552978516
2007-05-18,27.086395263671875
2007-05-21,27.346343994140625
2007-05-22,27.583688735961914
2007-05-23,27.555452346801758
2007-05-24,27.21072006225586
2007-05-25,27.380264282226562
2007-05-29,27.623252868652344
2007-05-30,27.719331741333008
2007-05-31,27.679763793945312
2007-06-01,28.018842697143555
2007-06-04,28.278804779052734
2007-06-05,27.84365463256836
2007-06-06,27.623252868652344
2007-06-07,27.035526275634766
2007-06-08,27.199430465698242
2007-06-11,27.301136016845703
2007-06-12,27.06943702697754
2007-06-13,27.125953674316406
2007-06-14,27.57803726196289
2007-06-15,27.657161712646484
2007-06-18,27.51023292541504
2007-06-19,27.442407608032227
2007-06-20,27.289838790893555
2007-06-21,27.244617462158203
2007-06-22,27.346343994140625
2007-06-25,27.487632751464844
2007-06-26,27.73064422607422
2007-06-27,27.984939575195312
2007-06-28,27.821041107177734
2007-06-29,27.792795181274414
2007-07-02,28.759151458740234
2007-07-03,28.747838973999023
2007-07-05,28.798721313476562
2007-07-06,29.053030014038086
2007-07-09,29.06996726989746
2007-07-10,28.527450561523438
2007-07-11,28.759151458740234
2007-07-12,28.951311111450195
2007-07-13,28.855220794677734
2007-07-16,28.46529769897461
2007-07-17,28.194026947021484
2007-07-18,27.73628807067871
2007-07-19,27.84365463256836
2007-07-20,27.19375228881836
2007-07-23,27.131603240966797
2007-07-24,26.374330520629883
2007-07-25,26.31781578063965
2007-07-26,25.283634185791016
2007-07-27,24.70722198486328
2007-07-30,24.79198455810547
2007-07-31,23.949951171875
2007-08-01,24.25511932373047
2007-08-02,24.486820220947266
2007-08-03,23.254846572875977
2007-08-06,23.983858108520508
2007-08-07,23.20398712158203
2007-08-08,24.692630767822266
2007-08-09,23.909727096557617
2007-08-10,23.36115074157715
2007-08-13,23.881160736083984
2007-08-14,23.429710388183594
2007-08-15,23.12683868408203
2007-08-16,24.48691177368164
2007-08-17,25.355518341064453
2007-08-20,25.2126522064209
2007-08-21,25.635530471801758
2007-08-22,26.069843292236328
2007-08-23,26.081275939941406
2007-08-24,26.515583038330078
2007-08-27,26.31556510925293
2007-08-28,25.492660522460938
2007-08-29,26.286996841430664
2007-08-30,25.989839553833008
2007-08-31,25.978404998779297
2007-09-04,26.349849700927734
2007-09-05,25.972694396972656
2007-09-06,25.492660522460938
2007-09-07,25.14408302307129
2007-09-10,25.115514755249023
2007-09-11,25.40696144104004
2007-09-12,25.395519256591797
2007-09-13,25.624103546142578
2007-09-14,25.915563583374023
2007-09-17,26.738447189331055
2007-09-18,27.2413272857666
2007-09-19,27.309904098510742
2007-09-20,27.601350784301758
2007-09-21,28.42995262145996
2007-09-24,27.955644607543945
2007-09-25,27.94993019104004
2007-09-26,28.0642147064209
2007-09-27,28.167083740234375
2007-09-28,28.338520050048828
2007-10-01,28.6185359954834
2007-10-02,29.16142463684082
2007-10-03,28.829971313476562
2007-10-04,28.841407775878906
2007-10-05,29.281421661376953
2007-10-08,29.43001365661621
2007-10-09,29.641443252563477
2007-10-10,29.43001365661621
2007-10-11,29.281421661376953
2007-10-12,29.172842025756836
2007-10-15,29.069978713989258
2007-10-16,28.372814178466797
2007-10-17,28.224225997924805
2007-10-18,27.94993019104004
2007-10-19,27.13846206665039
2007-10-22,27.38418960571289
2007-10-23,27.4870662689209
2007-10-24,27.075605392456055
2007-10-25,26.75558853149414
2007-10-26,26.858449935913086
2007-10-29,26.738447189331055
2007-10-30,26.378435134887695
2007-10-31,26.464155197143555
2007-11-01,26.567001342773438
2007-11-02,26.012697219848633
2007-11-05,25.7041015625
2007-11-06,25.772676467895508
2007-11-07,24.806921005249023
2007-11-08,25.315523147583008
2007-11-09,25.389795303344727
2007-11-12,25.549802780151367
2007-11-13,26.246994018554688
2007-11-14,26.169078826904297
2007-11-15,25.70155906677246
2007-11-16,25.38412094116211
2007-11-19,24.945463180541992
2007-11-20,24.991641998291016
2007-11-21,24.616477966308594
2007-11-23,25.199419021606445
2007-11-26,24.610698699951172
2007-11-27,25.41874885559082
2007-11-28,26.11135482788086
2007-11-29,26.12289810180664
2007-11-30,26.700071334838867
2007-12-03,26.417268753051758
2007-12-04,26.26719093322754
2007-12-05,26.700071334838867
2007-12-06,26.94825553894043
2007-12-07,26.959810256958008
2007-12-10,27.023290634155273
2007-12-11,26.30182456970215
2007-12-12,26.140220642089844
2007-12-13,26.238330841064453
2007-12-14,25.747726440429688
2007-12-17,25.516857147216797
2007-12-18,25.759281158447266
2007-12-19,25.747726440429688
2007-12-20,25.70155906677246
2007-12-21,28.639385223388672
2007-12-24,28.143028259277344
2007-12-26,28.0506649017334
2007-12-27,28.021791458129883
2007-12-28,27.675500869750977
2007-12-31,27.698589324951172
2008-01-02,26.87322425842285
2008-01-03,26.457664489746094
2008-01-04,25.932432174682617
2008-01-07,26.238330841064453
2008-01-08,25.366806030273438
2008-01-09,25.407209396362305
2008-01-10,25.78236198425293
2008-01-11,25.343708038330078
2008-01-14,25.412979125976562
2008-01-15,24.9396915435791
2008-01-16,24.870433807373047
2008-01-17,23.652597427368164
2008-01-18,23.029247283935547
2008-01-22,23.029247283935547
2008-01-23,23.439044952392578
2008-01-24,23.283206939697266
2008-01-25,22.561738967895508
2008-01-28,23.277427673339844
2008-01-29,23.8372745513916
2008-01-30,23.45058250427246
2008-01-31,23.75071144104004
2008-02-01,24.224000930786133
2008-02-04,24.299030303955078
2008-02-05,21.442012786865234
2008-02-06,21.32080841064453
2008-02-07,21.45355796813965
2008-02-08,21.22269058227539
2008-02-11,20.997594833374023
2008-02-12,21.211151123046875
2008-02-13,20.778507232666016
2008-02-14,21.433320999145508
2008-02-15,21.72563934326172
2008-02-19,21.421619415283203
2008-02-20,21.719791412353516
2008-02-21,21.222843170166016
2008-02-22,21.585329055786133
2008-02-25,22.15243911743164
2008-02-26,22.468149185180664
2008-02-27,22.620153427124023
2008-02-28,21.73733139038086
2008-02-29,20.81359100341797
2008-03-03,20.626501083374023
2008-03-04,20.24062728881836
2008-03-05,20.059389114379883
2008-03-06,19.726131439208984
2008-03-07,19.755361557006836
2008-03-10,19.73781967163086
2008-03-11,20.158781051635742
2008-03-12,19.87230110168457
2008-03-13,20.0886173248291
2008-03-14,19.726131439208984
2008-03-17,19.61505126953125
2008-03-18,20.357547760009766
2008-03-19,20.071083068847656
2008-03-20,20.474491119384766
2008-03-24,20.725893020629883
2008-03-25,20.84866714477539
2008-03-26,20.398483276367188
2008-03-27,20.345863342285156
2008-03-28,20.193859100341797
2008-03-31,20.661582946777344
2008-04-01,21.433320999145508
2008-04-02,21.45085906982422
2008-04-03,21.433320999145508
2008-04-04,21.11176109313965
2008-04-07,21.37485122680664
2008-04-08,21.216989517211914
2008-04-09,21.6905517578125
2008-04-10,21.667171478271484
2008-04-11,21.293004989624023
2008-04-14,21.205312728881836
2008-04-15,21.597009658813477
2008-04-16,22.240131378173828
2008-04-17,22.339521408081055
2008-04-18,22.74292755126953
2008-04-21,22.620153427124023
2008-04-22,22.25766944885254
2008-04-23,21.982891082763672
2008-04-24,22.421371459960938
2008-04-25,22.702014923095703
2008-04-28,22.620153427124023
2008-04-29,22.672780990600586
2008-04-30,22.181659698486328
2008-05-01,23.345129013061523
2008-05-02,23.169734954833984
2008-05-05,23.099576950073242
2008-05-06,22.918331146240234
2008-05-07,22.368759155273438
2008-05-08,22.38045310974121
2008-05-09,22.21674346923828
2008-05-12,22.807241439819336
2008-05-13,22.56170082092285
2008-05-14,22.307191848754883
2008-05-15,22.17106819152832
2008-05-16,21.975746154785156
2008-05-19,21.82777976989746
2008-05-20,21.514095306396484
2008-05-21,21.02286148071289
2008-05-22,21.271442413330078
2008-05-23,20.30078887939453
2008-05-27,20.774274826049805
2008-05-28,20.39548683166504
2008-05-29,20.632232666015625
2008-05-30,20.5079402923584
2008-06-02,20.30078887939453
2008-06-03,20.40732192993164
2008-06-04,20.371809005737305
2008-06-05,20.721006393432617
2008-06-06,20.11138916015625
2008-06-09,19.850975036621094
2008-06-10,19.64382553100586
2008-06-11,19.117069244384766
2008-06-12,19.24135398864746
2008-06-13,19.33013916015625
2008-06-16,19.36565399169922
2008-06-17,18.986858367919922
2008-06-18,18.862567901611328
2008-06-19,18.809307098388672
2008-06-20,18.312145233154297
2008-06-23,17.927427291870117
2008-06-24,17.791311264038086
2008-06-25,18.004375457763672
2008-06-26,17.44802474975586
2008-06-27,16.873916625976562
2008-06-30,16.31757164001465
2008-07-01,16.23470687866211
2008-07-02,16.305736541748047
2008-07-03,16.068994522094727
2008-07-07,15.838168144226074
2008-07-08,16.506967544555664
2008-07-09,16.063074111938477
2008-07-10,15.855923652648926
2008-07-11,15.684283256530762
2008-07-14,15.210796356201172
2008-07-15,14.666288375854492
2008-07-16,15.595499992370605
2008-07-17,16.01572036743164
2008-07-18,15.974287986755371
2008-07-21,15.844087600708008
2008-07-22,16.495132446289062
2008-07-23,16.873916625976562
2008-07-24,16.258390426635742
2008-07-25,15.855923652648926
2008-07-28,15.530404090881348
2008-07-29,16.00388526916504
2008-07-30,16.299821853637695
2008-07-31,16.32941246032715
2008-08-01,16.54248046875
2008-08-04,16.418190002441406
2008-08-05,14.050748825073242
2008-08-06,14.323003768920898
2008-08-07,13.29317569732666
2008-08-08,13.251740455627441
2008-08-11,13.985644340515137
2008-08-12,13.814003944396973
2008-08-13,13.753608703613281
2008-08-14,14.037498474121094
2008-08-15,14.188499450683594
2008-08-18,13.983137130737305
2008-08-19,13.807963371276855
2008-08-20,14.001249313354492
2008-08-21,13.952929496765137
2008-08-22,14.65964412689209
2008-08-25,14.200581550598145
2008-08-26,14.38782787322998
2008-08-27,14.774405479431152
2008-08-28,15.179097175598145
2008-08-29,15.420709609985352
2008-09-02,15.662317276000977
2008-09-03,15.734800338745117
2008-09-04,15.638165473937988
2008-09-05,16.145536422729492
2008-09-08,16.646873474121094
2008-09-09,16.024728775024414
2008-09-10,16.423391342163086
2008-09-11,16.646873474121094
2008-09-12,16.53815269470215
2008-09-15,15.752923965454102
2008-09-16,16.53815269470215
2008-09-17,15.789167404174805
2008-09-18,16.731435775756836
2008-09-19,17.818681716918945
2008-09-22,16.344863891601562
2008-09-23,16.622711181640625
2008-09-24,16.876407623291016
2008-09-25,17.02741241455078
2008-09-26,16.441511154174805
2008-09-29,15.009977340698242
2008-09-30,15.064337730407715
2008-10-01,16.61063003540039
2008-10-02,14.816679954528809
2008-10-03,14.804603576660156
2008-10-06,13.481792449951172
2008-10-07,12.183147430419922
2008-10-08,10.280471801757812
2008-10-09,9.82745361328125
2008-10-10,9.561684608459473
2008-10-13,11.772412300109863
2008-10-14,12.104625701904297
2008-10-15,10.932822227478027
2008-10-16,10.74557113647461
2008-10-17,10.703286170959473
2008-10-20,11.361674308776855
2008-10-21,12.04421615600586
2008-10-22,11.391874313354492
2008-10-23,11.319393157958984
2008-10-24,11.283153533935547
2008-10-27,10.419400215148926
2008-10-28,11.16234302520752
2008-10-29,11.277111053466797
2008-10-30,11.548920631408691
2008-10-31,12.68448543548584
2008-11-03,12.763007164001465
2008-11-04,12.442878723144531
2008-11-05,12.056302070617676
2008-11-06,11.409992218017578
2008-11-07,11.971739768981934
2008-11-10,11.705973625183105
2008-11-11,11.69388484954834
2008-11-12,10.691024780273438
2008-11-13,12.641039848327637
2008-11-14,11.786746978759766
2008-11-17,10.802454948425293
2008-11-18,10.99436092376709
2008-11-19,9.917210578918457
2008-11-20,8.493389129638672
2008-11-21,9.353870391845703
2008-11-24,10.548643112182617
2008-11-25,11.483404159545898
2008-11-26,11.638176918029785
2008-11-28,11.848649978637695
2008-12-01,10.053398132324219
2008-12-02,10.963406562805176
2008-12-03,11.223405838012695
2008-12-04,10.734355926513672
2008-12-05,11.514362335205078
2008-12-08,11.904364585876465
2008-12-09,11.415312767028809
2008-12-10,11.495790481567383
2008-12-11,10.882929801940918
2008-12-12,10.548643112182617
2008-12-15,10.183402061462402
2008-12-16,10.746739387512207
2008-12-17,10.331974983215332
2008-12-18,10.003875732421875
2008-12-19,9.89244270324707
2008-12-22,9.496251106262207
2008-12-23,9.688154220581055
2008-12-24,9.576728820800781
2008-12-26,9.762442588806152
2008-12-29,9.527205467224121
2008-12-30,9.78720760345459
2008-12-31,9.867685317993164
2009-01-02,10.07197380065918
2009-01-05,9.923398971557617
2009-01-06,10.282441139221191
2009-01-07,9.818156242370605
2009-01-08,10.022449493408203
2009-01-09,9.712923049926758
2009-01-12,9.391011238098145
2009-01-13,9.595300674438477
2009-01-14,8.945297241210938
2009-01-15,9.031961441040039
2009-01-16,9.248636245727539
2009-01-20,8.264336585998535
2009-01-21,9.100059509277344
2009-01-22,8.351006507873535
2009-01-23,8.351006507873535
2009-01-26,8.313865661621094
2009-01-27,8.604814529418945
2009-01-28,9.062917709350586
2009-01-29,8.264336585998535
2009-01-30,7.8991007804870605
2009-02-02,8.270530700683594
2009-02-03,8.388150215148926
2009-02-04,8.183859825134277
2009-02-05,8.301484107971191
2009-02-06,8.660534858703613
2009-02-09,8.895771026611328
2009-02-10,8.394338607788086
2009-02-11,8.926600456237793
2009-02-12,8.849648475646973
2009-02-13,8.657266616821289
2009-02-17,8.182717323303223
2009-02-18,8.413578033447266
2009-02-19,8.259673118591309
2009-02-20,7.906968593597412
2009-02-23,7.233624458312988
2009-02-24,7.669695854187012
2009-02-25,7.329817295074463
2009-02-26,7.143848419189453
2009-02-27,6.912984371185303
2009-03-02,6.534632205963135
2009-03-03,6.098563194274902
2009-03-04,6.021607398986816
2009-03-05,5.348267555236816
2009-03-06,5.348267555236816
2009-03-09,5.1943583488464355
2009-03-10,5.662490367889404
2009-03-11,5.726621627807617
2009-03-12,6.560283660888672
2009-03-13,6.778317928314209
2009-03-16,7.0091776847839355
2009-03-17,7.656866073608398
2009-03-18,8.234020233154297
2009-03-19,8.092940330505371
2009-03-20,8.21478271484375
2009-03-23,8.933016777038574
2009-03-24,8.593135833740234
2009-03-25,9.112571716308594
2009-03-26,9.676898956298828
2009-03-27,9.580707550048828
2009-03-30,8.817583084106445
2009-03-31,8.96507740020752
2009-04-01,9.151049613952637
2009-04-02,9.465274810791016
2009-04-03,9.664071083068848
2009-04-06,9.753852844238281
2009-04-07,9.522991180419922
2009-04-08,9.792326927185059
2009-04-09,10.132205963134766
2009-04-13,10.292530059814453
2009-04-14,9.894930839538574
2009-04-15,10.574687004089355
2009-04-16,10.709355354309082
2009-04-17,10.677294731140137
2009-04-20,9.837218284606934
2009-04-21,10.991520881652832
2009-04-22,10.440022468566895
2009-04-23,10.549036026000977
2009-04-24,10.561863899230957
2009-04-27,10.754246711730957
2009-04-28,10.863265037536621
2009-04-29,11.017172813415527
2009-04-30,10.901740074157715
2009-05-01,10.754246711730957
2009-05-04,11.164664268493652
2009-05-05,10.27970027923584
2009-05-06,10.56827449798584
2009-05-07,10.177095413208008
2009-05-08,11.145424842834473
2009-05-11,10.241222381591797
2009-05-12,10.472082138061523
2009-05-13,9.868300437927246
2009-05-14,10.192916870117188
2009-05-15,9.816361427307129
2009-05-18,10.218886375427246
2009-05-19,9.900757789611816
2009-05-20,9.686515808105469
2009-05-21,9.673527717590332
2009-05-22,9.647562026977539
2009-05-26,9.770915985107422
2009-05-27,9.258024215698242
2009-05-28,9.426825523376465
2009-05-29,9.426825523376465
2009-06-01,9.705994606018066
2009-06-02,9.946207046508789
2009-06-03,9.92673397064209
2009-06-04,9.874789237976074
2009-06-05,9.770915985107422
2009-06-08,9.69950008392334
2009-06-09,9.43980884552002
2009-06-10,9.348917007446289
2009-06-11,9.504733085632324
2009-06-12,9.426825523376465
2009-06-15,9.024298667907715
2009-06-16,8.8814697265625
2009-06-17,8.615288734436035
2009-06-18,8.517902374267578
2009-06-19,8.180302619934082
2009-06-22,8.043963432312012
2009-06-23,8.005008697509766
2009-06-24,7.875161170959473
2009-06-25,7.875161170959473
2009-06-26,7.810238361358643
2009-06-29,7.894639015197754
2009-06-30,7.803747653961182
2009-07-01,8.017995834350586
2009-07-02,7.336303234100342
2009-07-06,7.531070232391357
2009-07-07,7.264886379241943
2009-07-08,7.232424259185791
2009-07-09,7.342796802520752
2009-07-10,7.290857791900635
2009-07-13,7.855684757232666
2009-07-14,7.881657123565674
2009-07-15,8.238729476928711
2009-07-16,8.271191596984863
2009-07-17,8.238729476928711
2009-07-20,8.36208438873291
2009-07-21,8.303654670715332
2009-07-22,8.355591773986816
2009-07-23,8.67371654510498
2009-07-24,8.816548347473145
2009-07-27,8.933409690856934
2009-07-28,8.79057788848877
2009-07-29,8.803559303283691
2009-07-30,8.972363471984863
2009-07-31,8.563343048095703
2009-08-03,8.855504989624023
2009-08-04,10.2318696975708
2009-08-05,10.342236518859863
2009-08-06,10.44611644744873
2009-08-07,10.64737319946289
2009-08-10,10.705802917480469
2009-08-11,10.504548072814941
2009-08-12,10.780632972717285
2009-08-13,11.175050735473633
2009-08-14,11.168477058410645
2009-08-17,10.77406120300293
2009-08-18,11.037002563476562
2009-08-19,11.188193321228027
2009-08-20,11.352537155151367
2009-08-21,11.615480422973633
2009-08-24,11.74694538116455
2009-08-25,11.983596801757812
2009-08-26,11.74694538116455
2009-08-27,11.957300186157227
2009-08-28,12.121636390686035
2009-08-31,12.443745613098145
2009-09-01,11.740374565124512
2009-09-02,11.720653533935547
2009-09-03,11.825828552246094
2009-09-04,11.937575340270996
2009-09-08,11.957300186157227
2009-09-09,12.082195281982422
2009-09-10,12.233391761779785
2009-09-11,12.345138549804688
2009-09-14,12.581789016723633
2009-09-15,12.686970710754395
2009-09-16,13.153688430786133
2009-09-17,13.1339693069458
2009-09-18,12.798715591430664
2009-09-21,12.58836555480957
2009-09-22,12.838157653808594
2009-09-23,12.844730377197266
2009-09-24,12.509477615356445
2009-09-25,12.437174797058105
2009-09-28,13.120826721191406
2009-09-29,13.193134307861328
2009-09-30,12.81186580657959
2009-10-01,12.338568687438965
2009-10-02,12.50290584564209
2009-10-05,12.877599716186523
2009-10-06,13.08138370513916
2009-10-07,13.22599983215332
2009-10-08,13.324600219726562
2009-10-09,13.42978286743164
2009-10-12,13.594115257263184
2009-10-13,13.613836288452148
2009-10-14,14.120001792907715
2009-10-15,14.218610763549805
2009-10-16,13.929373741149902
2009-10-19,14.244897842407227
2009-10-20,13.942516326904297
2009-10-21,13.811044692993164
2009-10-22,14.106849670410156
2009-10-23,13.686149597167969
2009-10-26,13.232569694519043
2009-10-27,13.179983139038086
2009-10-28,12.8710298538208
2009-10-29,13.22599983215332
2009-10-30,12.884176254272461
2009-11-02,12.857876777648926
2009-11-03,14.369793891906738
2009-11-04,13.534951210021973
2009-11-05,14.041122436523438
2009-11-06,14.23832893371582
2009-11-09,14.52098560333252
2009-11-10,14.739897727966309
2009-11-11,15.091476440429688
2009-11-12,15.025145530700684
2009-11-13,15.01850700378418
2009-11-16,15.595636367797852
2009-11-17,15.768113136291504
2009-11-18,15.708404541015625
2009-11-19,15.469597816467285
2009-11-20,15.064947128295898
2009-11-23,15.297117233276367
2009-11-24,15.224149703979492
2009-11-25,15.482861518859863
2009-11-27,14.938911437988281
2009-11-30,14.799607276916504
2009-12-01,14.97870922088623
2009-12-02,14.919004440307617
2009-12-03,14.46792221069336
2009-12-04,14.952177047729492
2009-12-07,14.812873840332031
2009-12-08,14.620495796203613
2009-12-09,14.773065567016602
2009-12-10,14.806231498718262
2009-12-11,14.919004440307617
2009-12-14,15.031780242919922
2009-12-15,14.965438842773438
2009-12-16,14.99197769165039
2009-12-17,14.85930347442627
2009-12-18,14.600593566894531
2009-12-21,14.739897727966309
2009-12-22,14.89910888671875
2009-12-23,14.925643920898438
2009-12-24,15.01850700378418
2009-12-28,15.137917518615723
2009-12-29,15.118014335632324
2009-12-30,15.0450439453125
2009-12-31,14.627126693725586
2010-01-04,15.13128662109375
2010-01-05,15.144550323486328
2010-01-06,15.383357048034668
2010-01-07,15.62216854095459
2010-01-08,15.748205184936523
2010-01-11,16.15949821472168
2010-01-12,15.82118034362793
2010-01-13,15.462958335876465
2010-01-14,15.111387252807617
2010-01-15,14.998613357543945
2010-01-19,15.137917518615723
2010-01-20,15.005248069763184
2010-01-21,14.879207611083984
2010-01-22,14.514355659484863
2010-01-25,14.693460464477539
2010-01-26,14.494454383850098
2010-01-27,14.726633071899414
2010-01-28,14.494454383850098
2010-01-29,14.394950866699219
2010-02-01,14.806231498718262
2010-02-02,15.688506126403809
2010-02-03,15.383357048034668
2010-02-04,15.058307647705078
2010-02-05,14.773065567016602
2010-02-08,14.494454383850098
2010-02-09,15.064947128295898
2010-02-10,15.225701332092285
2010-02-11,15.393171310424805
2010-02-12,15.580730438232422
2010-02-16,15.855367660522461
2010-02-17,15.888861656188965
2010-02-18,16.230485916137695
2010-02-19,16.404645919799805
2010-02-22,16.411346435546875
2010-02-23,16.230485916137695
2010-02-24,16.31087303161621
2010-02-25,16.190296173095703
2010-02-26,16.183603286743164
2010-03-01,16.900341033935547
2010-03-02,17.208471298217773
2010-03-03,17.262052536010742
2010-03-04,17.208471298217773
2010-03-05,17.596982955932617
2010-03-08,17.39603042602539
2010-03-09,17.50990867614746
2010-03-10,17.684062957763672
2010-03-11,17.958703994750977
2010-03-12,18.032392501831055
2010-03-15,17.9453067779541
2010-03-16,18.454387664794922
2010-03-17,19.01036262512207
2010-03-18,18.96347427368164
2010-03-19,18.929988861083984
2010-03-22,18.80940818786621
2010-03-23,19.01036262512207
2010-03-24,18.883098602294922
2010-03-25,18.849611282348633
2010-03-26,18.956777572631836
2010-03-29,19.02375602722168
2010-03-30,18.956777572631836
2010-03-31,18.789318084716797
2010-04-01,18.943378448486328
2010-04-05,19.358688354492188
2010-04-06,19.3251953125
2010-04-07,19.465869903564453
2010-04-08,19.613235473632812
2010-04-09,19.573043823242188
2010-04-12,19.82758331298828
2010-04-13,19.459169387817383
2010-04-14,19.75389862060547
2010-04-15,19.606534957885742
2010-04-16,19.418975830078125
2010-04-19,19.619935989379883
2010-04-20,19.988353729248047
2010-04-21,20.1759033203125
2010-04-22,20.343366622924805
2010-04-23,20.7117862701416
2010-04-26,20.537622451782227
2010-04-27,19.40557861328125
2010-04-28,19.693618774414062
2010-04-29,19.94146156311035
2010-04-30,19.593141555786133
2010-05-03,20.048635482788086
2010-05-04,18.30702781677246
2010-05-05,17.831430435180664
2010-05-06,17.690765380859375
2010-05-07,17.087892532348633
2010-05-10,18.253437042236328
2010-05-11,18.514686584472656
2010-05-12,18.480915069580078
2010-05-13,18.379634857177734
2010-05-14,18.16356086730957
2010-05-17,18.46065902709961
2010-05-18,18.028518676757812
2010-05-19,17.812442779541016
2010-05-20,16.772598266601562
2010-05-21,17.373546600341797
2010-05-24,17.197986602783203
2010-05-25,17.13721466064453
2010-05-26,17.130470275878906
2010-05-27,18.285097122192383
2010-05-28,18.021766662597656
2010-06-01,17.32628059387207
2010-06-02,17.852951049804688
2010-06-03,18.332366943359375
2010-06-04,17.258760452270508
2010-06-07,17.252004623413086
2010-06-08,17.427562713623047
2010-06-09,17.447816848754883
2010-06-10,18.09604263305664
2010-06-11,18.332366943359375
2010-06-14,18.696990966796875
2010-06-15,19.33170509338379
2010-06-16,18.771259307861328
2010-06-17,18.805025100708008
2010-06-18,18.85904312133789
2010-06-21,18.561948776245117
2010-06-22,18.521432876586914
2010-06-23,18.696990966796875
2010-06-24,18.406635284423828
2010-06-25,18.258085250854492
2010-06-28,18.271604537963867
2010-06-29,17.535598754882812
2010-06-30,17.2857666015625
2010-07-01,16.880632400512695
2010-07-02,16.73208236694336
2010-07-06,16.610536575317383
2010-07-07,17.29927635192871
2010-07-08,17.339784622192383
2010-07-09,17.616626739501953
2010-07-12,17.380298614501953
2010-07-13,17.981258392333984
2010-07-14,17.97449493408203
2010-07-15,17.72466278076172
2010-07-16,16.867130279541016
2010-07-19,17.035938262939453
2010-07-20,17.22499656677246
2010-07-21,17.01568031311035
2010-07-22,18.062271118164062
2010-07-23,18.2513370513916
2010-07-26,18.507925033569336
2010-07-27,18.649715423583984
2010-07-28,18.58220100402832
2010-07-29,18.8522891998291
2010-07-30,18.764514923095703
2010-08-02,19.00758934020996
2010-08-03,17.08995819091797
2010-08-04,17.29927635192871
2010-08-05,17.427562713623047
2010-08-06,17.62338638305664
2010-08-09,17.616626739501953
2010-08-10,17.22499656677246
2010-08-11,16.48941421508789
2010-08-12,16.48941421508789
2010-08-13,16.37362289428711
2010-08-16,16.41449546813965
2010-08-17,16.823150634765625
2010-08-18,16.74142074584961
2010-08-19,16.38043785095215
2010-08-20,16.237409591674805
2010-08-23,16.033071517944336
2010-08-24,15.631229400634766
2010-08-25,15.767448425292969
2010-08-26,15.883234977722168
2010-08-27,16.64606285095215
2010-08-30,16.305513381958008
2010-08-31,16.210161209106445
2010-09-01,16.823150634765625
2010-09-02,16.707366943359375
2010-09-03,17.20456886291504
2010-09-07,16.516651153564453
2010-09-08,16.605195999145508
2010-09-09,16.74142074584961
2010-09-10,16.673309326171875
2010-09-13,17.0955867767334
2010-09-14,17.102399826049805
2010-09-15,17.224998474121094
2010-09-16,17.299917221069336
2010-09-17,17.224998474121094
2010-09-20,17.408893585205078
2010-09-21,17.17050552368164
2010-09-22,16.91169548034668
2010-09-23,16.46217155456543
2010-09-24,17.122833251953125
2010-09-27,16.748228073120117
2010-09-28,16.680112838745117
2010-09-29,16.632434844970703
2010-09-30,16.612010955810547
2010-10-01,16.639259338378906
2010-10-04,16.468982696533203
2010-10-05,16.523456573486328
2010-10-06,16.48941421508789
2010-10-07,16.516651153564453
2010-10-08,16.652868270874023
2010-10-11,16.353195190429688
2010-10-12,16.37362289428711
2010-10-13,16.625635147094727
2010-10-14,16.720979690551758
2010-10-15,16.5643253326416
2010-10-18,16.734601974487305
2010-10-19,16.557514190673828
2010-10-20,16.918508529663086
2010-10-21,16.843578338623047
2010-10-22,16.91169548034668
2010-10-25,16.938932418823242
2010-10-26,16.78227996826172
2010-10-27,16.88446044921875
2010-10-28,16.748228073120117
2010-10-29,16.55070686340332
2010-11-01,16.50303077697754
2010-11-02,16.482601165771484
2010-11-03,16.448543548583984
2010-11-04,16.802717208862305
2010-11-05,16.979795455932617
2010-11-08,16.612010955810547
2010-11-09,16.48142433166504
2010-11-10,17.065622329711914
2010-11-11,16.852563858032227
2010-11-12,16.398944854736328
2010-11-15,16.3508358001709
2010-11-16,15.897217750549316
2010-11-17,15.938456535339355
2010-11-18,16.26835823059082
2010-11-19,16.137765884399414
2010-11-22,16.041545867919922
2010-11-23,15.704778671264648
2010-11-24,16.151512145996094
2010-11-26,16.041545867919922
2010-11-29,16.59139633178711
2010-11-30,16.261491775512695
2010-12-01,16.80445098876953
2010-12-02,17.154972076416016
2010-12-03,17.395526885986328
2010-12-06,17.141233444213867
2010-12-07,17.264944076538086
2010-12-08,17.443645477294922
2010-12-09,17.526113510131836
2010-12-10,17.794153213500977
2010-12-13,17.636079788208008
2010-12-14,17.581098556518555
2010-12-15,17.2099552154541
2010-12-16,17.41614532470703
2010-12-17,17.464258193969727
2010-12-20,17.27181053161621
2010-12-21,17.41614532470703
2010-12-22,17.381784439086914
2010-12-23,17.27181053161621
2010-12-27,17.374908447265625
2010-12-28,17.285564422607422
2010-12-29,17.01064109802246
2010-12-30,16.95565414428711
2010-12-31,16.866315841674805
2011-01-03,17.457387924194336
2011-01-04,17.40926742553711
2011-01-05,17.862899780273438
2011-01-06,18.014097213745117
2011-01-07,17.76666831970215
2011-01-10,18.05533218383789
2011-01-11,18.048465728759766
2011-01-12,18.13093376159668
2011-01-13,18.08283042907715
2011-01-14,18.09657096862793
2011-01-18,18.289016723632812
2011-01-19,18.11032485961914
2011-01-20,18.234033584594727
2011-01-21,18.350872039794922
2011-01-24,18.563945770263672
2011-01-25,18.680770874023438
2011-01-26,18.722021102905273
2011-01-27,18.935073852539062
2011-01-28,18.474586486816406
2011-01-31,18.495210647583008
2011-02-01,19.16875457763672
2011-02-02,18.852602005004883
2011-02-03,19.2718563079834
2011-02-04,20.227201461791992
2011-02-07,19.876676559448242
2011-02-08,19.94540786743164
2011-02-09,19.848384857177734
2011-02-10,19.779081344604492
2011-02-11,20.000852584838867
2011-02-14,20.077083587646484
2011-02-15,20.174110412597656
2011-02-16,20.111736297607422
2011-02-17,20.437456130981445
2011-02-18,20.485963821411133
2011-02-22,20.021642684936523
2011-02-23,19.460283279418945
2011-02-24,19.134563446044922
2011-02-25,19.938478469848633
2011-02-28,20.29885482788086
2011-03-01,20.077083587646484
2011-03-02,20.056291580200195
2011-03-03,20.53447723388672
2011-03-04,20.479026794433594
2011-03-07,20.29885482788086
2011-03-08,20.804767608642578
2011-03-09,20.7631778717041
2011-03-10,20.40973472595215
2011-03-11,20.60378646850586
2011-03-14,20.437456130981445
2011-03-15,20.15331268310547
2011-03-16,20.035507202148438
2011-03-17,20.15331268310547
2011-03-18,20.326576232910156
2011-03-21,20.92950439453125
2011-03-22,20.61764907836914
2011-03-23,20.416667938232422
2011-03-24,20.53447723388672
2011-03-25,20.77704620361328
2011-03-28,20.853273391723633
2011-03-29,21.047332763671875
2011-03-30,21.456212997436523
2011-03-31,21.40077018737793
2011-04-01,21.77501106262207
2011-04-04,21.754209518432617
2011-04-05,21.601741790771484
2011-04-06,21.71956443786621
2011-04-07,21.40770721435547
2011-04-08,21.033462524414062
2011-04-11,20.915647506713867
2011-04-12,20.638437271118164
2011-04-13,20.62457847595215
2011-04-14,20.479026794433594
2011-04-15,20.72160530090332
2011-04-18,20.264198303222656
2011-04-19,20.2434139251709
2011-04-20,20.645368576049805
2011-04-21,20.790897369384766
2011-04-25,20.7008056640625
2011-04-26,20.74932861328125
2011-04-27,21.08197784423828
2011-04-28,21.130491256713867
2011-04-29,20.957225799560547
2011-05-02,20.991878509521484
2011-05-03,21.040393829345703
2011-05-04,20.7631778717041
2011-05-05,20.40973472595215
2011-05-06,20.326576232910156
2011-05-09,20.707735061645508
2011-05-10,20.797840118408203
2011-05-11,20.7419490814209
2011-05-12,20.90961265563965
2011-05-13,20.693038940429688
2011-05-16,20.769886016845703
2011-05-17,20.881671905517578
2011-05-18,21.1960506439209
2011-05-19,21.475488662719727
2011-05-20,21.55234146118164
2011-05-23,20.755918502807617
2011-05-24,20.44154167175293
2011-05-25,20.588247299194336
2011-05-26,20.853727340698242
2011-05-27,20.867694854736328
2011-05-31,20.83975601196289
2011-06-01,20.092235565185547
2011-06-02,20.39263916015625
2011-06-03,20.21798324584961
2011-06-06,19.805795669555664
2011-06-07,19.833736419677734
2011-06-08,19.54730796813965
2011-06-09,19.84771156311035
2011-06-10,19.57525062561035
2011-06-13,19.763883590698242
2011-06-14,20.043331146240234
2011-06-15,19.854703903198242
2011-06-16,20.092235565185547
2011-06-17,20.092235565185547
2011-06-20,20.27387237548828
2011-06-21,20.47646713256836
2011-06-22,20.448522567749023
2011-06-23,20.420574188232422
2011-06-24,20.33674430847168
2011-06-27,20.755918502807617
2011-06-28,20.930564880371094
2011-06-29,20.888660430908203
2011-06-30,20.727968215942383
2011-07-01,20.853727340698242
2011-07-05,20.39263916015625
2011-07-06,20.57427406311035
2011-07-07,20.979480743408203
2011-07-08,20.867694854736328
2011-07-11,20.245925903320312
2011-07-12,20.4694881439209
2011-07-13,20.720985412597656
2011-07-14,20.210996627807617
2011-07-15,19.882646560668945
2011-07-18,19.435531616210938
2011-07-19,19.756898880004883
2011-07-20,19.84771156311035
2011-07-21,20.162094116210938
2011-07-22,20.085250854492188
2011-07-25,20.036346435546875
2011-07-26,19.959489822387695
2011-07-27,19.631141662597656
2011-07-28,19.50539779663086
2011-07-29,19.680044174194336
2011-08-01,19.596214294433594
2011-08-02,19.400602340698242
2011-08-03,19.512374877929688
2011-08-04,17.954458236694336
2011-08-05,17.535297393798828
2011-08-08,16.34764289855957
2011-08-09,18.352670669555664
2011-08-10,16.900249481201172
2011-08-11,18.21871566772461
2011-08-12,17.837980270385742
2011-08-15,18.472536087036133
2011-08-16,18.32447052001953
2011-08-17,18.232816696166992
2011-08-18,17.471351623535156
2011-08-19,17.118824005126953
2011-08-22,17.203428268432617
2011-08-23,17.795677185058594
2011-08-24,18.0635929107666
2011-08-25,18.61354637145996
2011-08-26,17.196378707885742
2011-08-29,18.225770950317383
2011-08-30,18.035396575927734
2011-08-31,18.07770538330078
2011-09-01,17.64056396484375
2011-09-02,17.09766960144043
2011-09-06,16.91436004638672
2011-09-07,17.72516632080078
2011-09-08,17.358537673950195
2011-09-09,16.695789337158203
2011-09-12,16.89320182800293
2011-09-13,17.492504119873047
2011-09-14,18.000152587890625
2011-09-15,18.507789611816406
2011-09-16,18.479581832885742
2011-09-19,17.964887619018555
2011-09-20,17.81682777404785
2011-09-21,16.808595657348633
2011-09-22,16.181095123291016
2011-09-23,16.216346740722656
2011-09-26,16.716936111450195
2011-09-27,17.46430015563965
2011-09-28,17.006010055541992
2011-09-29,17.39379119873047
2011-09-30,16.89320182800293
2011-10-03,15.715755462646484
2011-10-04,17.090620040893555
2011-10-05,17.548904418945312
2011-10-06,17.936697006225586
2011-10-07,17.280990600585938
2011-10-10,18.120006561279297
2011-10-11,17.866182327270508
2011-10-12,18.331523895263672
2011-10-13,17.929637908935547
2011-10-14,17.971939086914062
2011-10-17,17.295087814331055
2011-10-18,18.253963470458984
2011-10-19,17.81682777404785
2011-10-20,18.359729766845703
2011-10-21,18.853273391723633
2011-10-24,19.339754104614258
2011-10-25,18.578292846679688
2011-10-26,19.114137649536133
2011-10-27,19.96021270751953
2011-10-28,19.466670989990234
2011-10-31,18.959026336669922
2011-11-01,17.76746940612793
2011-11-02,18.66289520263672
2011-11-03,19.23399543762207
2011-11-04,19.163488388061523
2011-11-07,19.156442642211914
2011-11-08,19.38206672668457
2011-11-09,18.542760848999023
2011-11-10,18.877063751220703
2011-11-11,19.310930252075195
2011-11-14,18.997976303100586
2011-11-15,19.232696533203125
2011-11-16,18.919729232788086
2011-11-17,18.642337799072266
2011-11-18,18.798824310302734
2011-11-21,18.42184829711914
2011-11-22,18.251140594482422
2011-11-23,17.68924331665039
2011-11-25,17.8172664642334
2011-11-28,18.436077117919922
2011-11-29,18.364952087402344
2011-11-30,19.595436096191406
2011-12-01,19.211353302001953
2011-12-02,19.296710968017578
2011-12-05,19.695018768310547
2011-12-06,19.751920700073242
2011-12-07,20.036422729492188
2011-12-08,19.566984176635742
2011-12-09,20.064868927001953
2011-12-12,19.81593894958496
2011-12-13,19.559873580932617
2011-12-14,19.360721588134766
2011-12-15,19.744808197021484
2011-12-16,19.9439640045166
2011-12-19,19.63100814819336
2011-12-20,20.19290542602539
2011-12-21,20.57699203491211
2011-12-22,20.769031524658203
2011-12-23,20.982412338256836
2011-12-27,20.996639251708984
2011-12-28,20.75480842590332
2011-12-29,21.103322982788086
2011-12-30,20.776138305664062
2012-01-03,20.897064208984375
2012-01-04,20.63389015197754
2012-01-05,20.669458389282227
2012-01-06,20.427621841430664
2012-01-09,20.35650634765625
2012-01-10,20.833051681518555
2012-01-11,21.160226821899414
2012-01-12,21.245586395263672
2012-01-13,21.3024845123291
2012-01-17,21.117555618286133
2012-01-18,21.409175872802734
2012-01-19,21.572763442993164
2012-01-20,21.72924041748047
2012-01-23,21.800378799438477
2012-01-24,21.629671096801758
2012-01-25,21.466075897216797
2012-01-26,21.160226821899414
2012-01-27,21.117555618286133
2012-01-30,21.131778717041016
2012-01-31,21.17445945739746
2012-02-01,21.828826904296875
2012-02-02,20.619659423828125
2012-02-03,20.35650634765625
2012-02-06,20.313814163208008
2012-02-07,20.363603591918945
2012-02-08,20.40629005432129
2012-02-09,20.427804946899414
2012-02-10,20.284347534179688
2012-02-13,20.191102981567383
2012-02-14,20.069168090820312
2012-02-15,20.191102981567383
2012-02-16,20.528221130371094
2012-02-17,20.535390853881836
2012-02-21,20.592775344848633
2012-02-22,20.38477897644043
2012-02-23,20.779266357421875
2012-02-24,20.772096633911133
2012-02-27,20.75057601928711
2012-02-28,20.75057601928711
2012-02-29,20.528221130371094
2012-03-01,20.664499282836914
2012-03-02,20.48518943786621
2012-03-05,20.75057601928711
2012-03-06,20.406288146972656
2012-03-07,20.506702423095703
2012-03-08,20.628637313842773
2012-03-09,20.98727035522461
2012-03-12,21.00879669189453
2012-03-13,21.75474739074707
2012-03-14,21.546743392944336
2012-03-15,21.69019889831543
2012-03-16,21.61130142211914
2012-03-19,21.6041259765625
2012-03-20,21.776262283325195
2012-03-21,21.625642776489258
2012-03-22,21.518049240112305
2012-03-23,21.8121395111084
2012-03-26,22.22097396850586
2012-03-27,21.89820671081543
2012-03-28,21.96993064880371
2012-03-29,21.73322868347168
2012-03-30,21.71888542175293
2012-04-02,21.61847496032715
2012-04-03,21.74040412902832
2012-04-04,21.661500930786133
2012-04-05,21.58260154724121
2012-04-09,21.295698165893555
2012-04-10,20.958589553833008
2012-04-11,21.310049057006836
2012-04-12,21.396114349365234
2012-04-13,20.858163833618164
2012-04-16,21.08051300048828
2012-04-17,21.331562042236328
2012-04-18,21.02313804626465
2012-04-19,21.152244567871094
2012-04-20,21.209627151489258
2012-04-23,20.994449615478516
2012-04-24,21.13072967529297
2012-04-25,21.510883331298828
2012-04-26,21.71171760559082
2012-04-27,21.683025360107422
2012-04-30,21.510883331298828
2012-05-01,21.73322868347168
2012-05-02,21.36025619506836
2012-05-03,21.216800689697266
2012-05-04,20.92989158630371
2012-05-07,21.02313804626465
2012-05-08,22.3787784576416
2012-05-09,22.12055778503418
2012-05-10,22.228984832763672
2012-05-11,22.062726974487305
2012-05-14,21.71573829650879
2012-05-15,21.55670166015625
2012-05-16,21.303682327270508
2012-05-17,20.826574325561523
2012-05-18,20.588022232055664
2012-05-21,20.949466705322266
2012-05-22,21.15911293029785
2012-05-23,20.97838592529297
2012-05-24,21.072355270385742
2012-05-25,21.00006866455078
2012-05-29,21.339826583862305
2012-05-30,20.956697463989258
2012-05-31,21.173566818237305
2012-06-01,20.53019142150879
2012-06-04,20.457895278930664
2012-06-05,20.645858764648438
2012-06-06,21.347061157226562
2012-06-07,21.55670166015625
2012-06-08,21.672359466552734
2012-06-11,21.39766502380371
2012-06-12,21.71573829650879
2012-06-13,21.708513259887695
2012-06-14,21.91814613342285
2012-06-15,21.983217239379883
2012-06-18,22.12778663635254
2012-06-19,22.409711837768555
2012-06-20,22.279590606689453
2012-06-21,21.708513259887695
2012-06-22,21.94705581665039
2012-06-25,21.390432357788086
2012-06-26,21.42657470703125
2012-06-27,21.55670166015625
2012-06-28,21.773571014404297
2012-06-29,22.228984832763672
2012-07-02,22.301284790039062
2012-07-03,22.554296493530273
2012-07-05,22.467544555664062
2012-07-06,22.388029098510742
2012-07-09,22.214534759521484
2012-07-10,22.272367477416992
2012-07-11,22.47477912902832
2012-07-12,22.424171447753906
2012-07-13,22.922969818115234
2012-07-16,22.77116584777832
2012-07-17,22.879600524902344
2012-07-18,23.009716033935547
2012-07-19,22.90128517150879
2012-07-20,22.77116584777832
2012-07-23,22.648271560668945
2012-07-24,22.756704330444336
2012-07-25,22.95911407470703
2012-07-26,23.21212387084961
2012-07-27,23.631410598754883
2012-07-30,23.68924331665039
2012-07-31,23.65308952331543
2012-08-01,23.421764373779297
2012-08-02,23.356708526611328
2012-08-03,23.602493286132812
2012-08-06,23.80490493774414
2012-08-07,23.13983917236328
2012-08-08,22.82899284362793
2012-08-09,22.646886825561523
2012-08-10,22.530338287353516
2012-08-13,22.36279296875
2012-08-14,22.32638168334961
2012-08-15,22.43564224243164
2012-08-16,22.399221420288086
2012-08-17,22.406505584716797
2012-08-20,22.37737464904785
2012-08-21,22.442928314208984
2012-08-22,22.32638168334961
2012-08-23,22.180694580078125
2012-08-24,22.38465690612793
2012-08-27,22.442928314208984
2012-08-28,22.370084762573242
2012-08-29,22.42107391357422
2012-08-30,22.450210571289062
2012-08-31,22.289958953857422
2012-09-04,22.894550323486328
2012-09-05,23.17135238647461
2012-09-06,23.258764266967773
2012-09-07,23.18592643737793
2012-09-10,23.069374084472656
2012-09-11,23.120372772216797
2012-09-12,23.17135238647461
2012-09-13,23.33161163330078
2012-09-14,23.266050338745117
2012-09-17,23.13493537902832
2012-09-18,22.90912437438965
2012-09-19,22.974681854248047
2012-09-20,22.92369270324707
2012-09-21,22.92369270324707
2012-09-24,22.894550323486328
2012-09-25,22.544904708862305
2012-09-26,22.122413635253906
2012-09-27,22.23167610168457
2012-09-28,22.370084762573242
2012-10-01,22.36279296875
2012-10-02,22.50848388671875
2012-10-03,22.479347229003906
2012-10-04,22.727014541625977
2012-10-05,22.872699737548828
2012-10-08,22.807140350341797
2012-10-09,22.661455154418945
2012-10-10,22.661455154418945
2012-10-11,22.785287857055664
2012-10-12,22.581327438354492
2012-10-15,22.705162048339844
2012-10-16,22.778005599975586
2012-10-17,22.92369270324707
2012-10-18,23.149507522583008
2012-10-19,22.683311462402344
2012-10-22,22.595901489257812
2012-10-23,22.36279296875
2012-10-24,22.479347229003906
2012-10-25,22.530338287353516
2012-10-26,22.399221420288086
2012-10-31,22.581327438354492
2012-11-01,22.91640853881836
2012-11-02,22.173404693603516
2012-11-05,22.311809539794922
2012-11-06,22.654165267944336
2012-11-07,21.663511276245117
2012-11-08,21.45226287841797
2012-11-09,21.86746597290039
2012-11-12,21.583370208740234
2012-11-13,21.335712432861328
2012-11-14,20.8258113861084
2012-11-15,20.774391174316406
2012-11-16,21.273914337158203
2012-11-19,21.39144515991211
2012-11-20,21.486942291259766
2012-11-21,21.39144515991211
2012-11-23,21.53837013244629
2012-11-26,21.55306053161621
2012-11-27,21.516332626342773
2012-11-28,21.61917495727539
2012-11-29,21.788131713867188
2012-11-30,21.751405715942383
2012-12-03,21.766088485717773
2012-12-04,21.663246154785156
2012-12-05,21.861591339111328
2012-12-06,21.766088485717773
2012-12-07,21.707324981689453
2012-12-10,21.920358657836914
2012-12-11,22.074623107910156
2012-12-12,21.89832305908203
2012-12-13,21.589792251586914
2012-12-14,21.486942291259766
2012-12-17,21.43552017211914
2012-12-18,21.905668258666992
2012-12-19,21.692638397216797
2012-12-20,21.61182975769043
2012-12-21,21.905668258666992
2012-12-24,21.920358657836914
2012-12-26,21.501638412475586
2012-12-27,21.567758560180664
2012-12-28,21.406139373779297
2012-12-31,21.670604705810547
2013-01-02,22.405195236206055
2013-01-03,22.500688552856445
2013-01-04,22.691686630249023
2013-01-07,22.57415008544922
2013-01-08,22.728416442871094
2013-01-09,23.066329956054688
2013-01-10,23.286706924438477
2013-01-11,23.279369354248047
2013-01-14,23.117753982543945
2013-01-15,23.073673248291016
2013-01-16,23.09571647644043
2013-01-17,23.161828994750977
2013-01-18,23.198558807373047
2013-01-22,23.639314651489258
2013-01-23,23.558513641357422
2013-01-24,23.676048278808594
2013-01-25,23.595239639282227
2013-01-28,23.639314651489258
2013-01-29,24.0800724029541
2013-01-30,24.06538200378418
2013-01-31,24.469411849975586
2013-02-01,24.704479217529297
2013-02-04,24.572256088256836
2013-02-05,24.77794075012207
2013-02-06,24.792631149291992
2013-02-07,24.836713790893555
2013-02-08,23.86704444885254
2013-02-11,23.529129028320312
2013-02-12,23.404251098632812
2013-02-13,23.661354064941406
2013-02-14,23.572542190551758
2013-02-15,23.52812385559082
2013-02-19,23.520734786987305
2013-02-20,23.306102752685547
2013-02-21,23.306102752685547
2013-02-22,23.44672393798828
2013-02-25,23.010055541992188
2013-02-26,23.106273651123047
2013-02-27,23.46891975402832
2013-02-28,23.4171142578125
2013-03-01,22.469772338867188
2013-03-04,22.35875701904297
2013-03-05,22.773221969604492
2013-03-06,22.736217498779297
2013-03-07,22.66960334777832
2013-03-08,22.98784828186035
2013-03-11,23.09146499633789
2013-03-12,23.113676071166992
2013-03-13,23.202484130859375
2013-03-14,23.520734786987305
2013-03-15,23.4985294342041
2013-03-18,23.350505828857422
2013-03-19,23.439319610595703
2013-03-20,23.44672393798828
2013-03-21,23.372713088989258
2013-03-22,23.572542190551758
2013-03-25,23.63175392150879
2013-03-26,23.65395164489746
2013-03-27,23.72796630859375
2013-03-28,24.135021209716797
2013-04-01,23.86858558654785
2013-04-02,23.461523056030273
2013-04-03,23.1580867767334
2013-04-04,23.187685012817383
2013-04-05,23.002656936645508
2013-04-08,22.98784828186035
2013-04-09,23.098867416381836
2013-04-10,23.424522399902344
2013-04-11,23.48373031616211
2013-04-12,23.380107879638672
2013-04-15,22.64740562438965
2013-04-16,22.95085334777832
2013-04-17,22.765825271606445
2013-04-18,22.625198364257812
2013-04-19,22.765825271606445
2013-04-22,22.714014053344727
2013-04-23,23.106273651123047
2013-04-24,23.135879516601562
2013-04-25,23.069263458251953
2013-04-26,23.061861038208008
2013-04-29,23.239492416381836
2013-04-30,23.57994842529297
2013-05-01,23.31350326538086
2013-05-02,23.394916534423828
2013-05-03,23.920400619506836
2013-05-06,24.579092025756836
2013-05-07,24.675304412841797
2013-05-08,24.96394920349121
2013-05-09,24.755229949951172
2013-05-10,24.814868927001953
2013-05-13,24.755229949951172
2013-05-14,25.11304473876953
2013-05-15,25.336658477783203
2013-05-16,25.11304473876953
2013-05-17,25.277015686035156
2013-05-20,25.336658477783203
2013-05-21,25.277015686035156
2013-05-22,25.090669631958008
2013-05-23,25.224842071533203
2013-05-24,25.090669631958008
2013-05-28,25.344118118286133
2013-05-29,25.29938507080078
2013-05-30,25.739187240600586
2013-05-31,25.44847297668457
2013-06-03,25.4633846282959
2013-06-04,25.40374755859375
2013-06-05,25.068307876586914
2013-06-06,25.39628791809082
2013-06-07,25.74663543701172
2013-06-10,25.739187240600586
2013-06-11,25.500656127929688
2013-06-12,24.95649528503418
2013-06-13,25.37392234802246
2013-06-14,25.001218795776367
2013-06-17,24.96394920349121
2013-06-18,25.008670806884766
2013-06-19,24.524158477783203
2013-06-20,23.9501895904541
2013-06-21,24.12162971496582
2013-06-24,24.211076736450195
2013-06-25,24.650882720947266
2013-06-26,24.755229949951172
2013-06-27,25.26211929321289
2013-06-28,25.530466079711914
2013-07-01,26.059711456298828
2013-07-02,26.126794815063477
2013-07-03,26.11934471130371
2013-07-05,26.29079246520996
2013-07-08,26.231155395507812
2013-07-09,26.462234497070312
2013-07-10,26.328065872192383
2013-07-11,26.62622833251953
2013-07-12,26.812583923339844
2013-07-15,26.820035934448242
2013-07-16,26.59641456604004
2013-07-17,26.59641456604004
2013-07-18,26.71567726135254
2013-07-19,26.618776321411133
2013-07-22,26.879671096801758
2013-07-23,26.663496017456055
2013-07-24,26.357881546020508
2013-07-25,26.432416915893555
2013-07-26,26.30569076538086
2013-07-29,25.768997192382812
2013-07-30,25.77644920349121
2013-07-31,26.05225372314453
2013-08-01,26.678407669067383
2013-08-02,26.432416915893555
2013-08-05,26.260967254638672
2013-08-06,26.096981048583984
2013-08-07,26.29079246520996
2013-08-08,26.350826263427734
2013-08-09,26.32081413269043
2013-08-12,26.31330108642578
2013-08-13,26.63603401184082
2013-08-14,26.613513946533203
2013-08-15,26.200727462768555
2013-08-16,26.208229064941406
2013-08-19,26.04311752319336
2013-08-20,26.26076889038086
2013-08-21,26.058122634887695
2013-08-22,26.283279418945312
2013-08-23,26.26076889038086
2013-08-26,26.230743408203125
2013-08-27,25.81044578552246
2013-08-28,25.893009185791016
2013-08-29,26.163196563720703
2013-08-30,25.480228424072266
2013-09-03,25.14999008178711
2013-09-04,25.44269561767578
2013-09-05,25.547771453857422
2013-09-06,25.48773193359375
2013-09-09,25.712879180908203
2013-09-10,25.975574493408203
2013-09-11,26.035606384277344
2013-09-12,25.90802764892578
2013-09-13,25.9305362701416
2013-09-16,26.035606384277344
2013-09-17,26.02811622619629
2013-09-18,26.103158950805664
2013-09-19,25.825462341308594
2013-09-20,26.035606384277344
2013-09-23,25.9455509185791
2013-09-24,25.705381393432617
2013-09-25,25.622821807861328
2013-09-26,25.390161514282227
2013-09-27,25.210044860839844
2013-09-30,25.217540740966797
2013-10-01,25.352632522583008
2013-10-02,25.51025390625
2013-10-03,25.592798233032227
2013-10-04,25.915523529052734
2013-10-07,25.893009185791016
2013-10-08,25.893009185791016
2013-10-09,25.757915496826172
2013-10-10,26.628530502319336
2013-10-11,27.198917388916016
2013-10-14,27.439096450805664
2013-10-15,27.123868942260742
2013-10-16,27.68675422668457
2013-10-17,27.934431076049805
2013-10-18,28.069522857666016
2013-10-21,28.182098388671875
2013-10-22,28.369733810424805
2013-10-23,27.986974716186523
2013-10-24,27.956941604614258
2013-10-25,28.02448844909668
2013-10-28,27.964448928833008
2013-10-29,28.0770320892334
2013-10-30,27.979454040527344
2013-10-31,27.784330368041992
2013-11-01,28.835058212280273
2013-11-04,29.135276794433594
2013-11-05,28.56486701965332
2013-11-06,28.377248764038086
2013-11-07,28.0297908782959
2013-11-08,28.347023010253906
2013-11-11,28.415008544921875
2013-11-12,28.27149200439453
2013-11-13,28.686922073364258
2013-11-14,28.80776596069336
2013-11-15,28.754911422729492
2013-11-18,28.709583282470703
2013-11-19,28.785118103027344
2013-11-20,28.62650489807129
2013-11-21,29.177875518798828
2013-11-22,29.12499237060547
2013-11-25,28.84553337097168
2013-11-26,28.913516998291016
2013-11-27,28.754911422729492
2013-11-29,28.3394775390625
2013-12-02,28.762451171875
2013-12-03,28.581172943115234
2013-12-04,28.61894416809082
2013-12-05,28.72467803955078
2013-12-06,30.41658592224121
2013-12-09,30.66585350036621
2013-12-10,30.567655563354492
2013-12-11,29.970962524414062
2013-12-12,30.13712501525879
2013-12-13,30.431699752807617
2013-12-16,30.560108184814453
2013-12-17,30.680953979492188
2013-12-18,30.582763671875
2013-12-19,30.386384963989258
2013-12-20,30.67341423034668
2013-12-23,31.066173553466797
2013-12-24,30.68851089477539
2013-12-26,30.839557647705078
2013-12-27,30.680953979492188
2013-12-30,30.960433959960938
2013-12-31,30.877338409423828
2014-01-02,30.529897689819336
2014-01-03,30.424150466918945
2014-01-06,29.872764587402344
2014-01-07,30.031375885009766
2014-01-08,29.32893180847168
2014-01-09,29.230741500854492
2014-01-10,29.079696655273438
2014-01-13,29.147663116455078
2014-01-14,29.434682846069336
2014-01-15,29.872764587402344
2014-01-16,29.57819938659668
2014-01-17,29.510221481323242
2014-01-21,29.58574676513672
2014-01-22,29.63106346130371
2014-01-23,29.140106201171875
2014-01-24,28.090208053588867
2014-01-27,27.788084030151367
2014-01-28,28.090208053588867
2014-01-29,27.999582290649414
2014-01-30,28.513200759887695
2014-01-31,27.75788116455078
2014-02-03,26.94213104248047
2014-02-04,27.546390533447266
2014-02-05,27.70500946044922
2014-02-06,27.750328063964844
2014-02-07,28.188411712646484
2014-02-10,28.66426658630371
2014-02-11,28.686922073364258
2014-02-12,28.785118103027344
2014-02-13,28.975135803222656
2014-02-14,28.845922470092773
2014-02-18,29.005538940429688
2014-02-19,28.648298263549805
2014-02-20,29.11195945739746
2014-02-21,28.906721115112305
2014-02-24,28.807926177978516
2014-02-25,28.465862274169922
2014-02-26,28.990337371826172
2014-02-27,29.11195945739746
2014-02-28,29.476804733276367
2014-03-03,28.83072280883789
2014-03-04,29.522417068481445
2014-03-05,29.63642692565918
2014-03-06,29.834056854248047
2014-03-07,29.818849563598633
2014-03-10,29.902467727661133
2014-03-11,29.6744327545166
2014-03-12,29.72764015197754
2014-03-13,29.271562576293945
2014-03-14,29.408395767211914
2014-03-17,29.80364418029785
2014-03-18,29.887266159057617
2014-03-19,29.659225463867188
2014-03-20,29.651626586914062
2014-03-21,29.910053253173828
2014-03-24,29.85685920715332
2014-03-25,29.57561492919922
2014-03-26,29.51480484008789
2014-03-27,29.04355239868164
2014-03-28,29.149959564208984
2014-03-31,29.77324676513672
2014-04-01,30.062084197998047
2014-04-02,30.594161987304688
2014-04-03,30.350919723510742
2014-04-04,29.902467727661133
2014-04-07,29.492008209228516
2014-04-08,29.347583770751953
2014-04-09,29.545217514038086
2014-04-10,29.225975036621094
2014-04-11,29.1651611328125
2014-04-14,28.69390296936035
2014-04-15,28.427860260009766
2014-04-16,29.2791805267334
2014-04-17,29.63642692565918
2014-04-21,29.76565170288086
2014-04-22,29.78084945678711
2014-04-23,30.054481506347656
2014-04-24,29.87205696105957
2014-04-25,29.750438690185547
2014-04-28,29.6744327545166
2014-04-29,29.74283790588379
2014-04-30,29.955684661865234
2014-05-01,29.78084945678711
2014-05-02,30.046886444091797
2014-05-05,29.545217514038086
2014-05-06,28.73189926147461
2014-05-07,28.52667236328125
2014-05-08,28.47347640991211
2014-05-09,26.443992614746094
2014-05-12,26.504806518554688
2014-05-13,26.99126625061035
2014-05-14,26.474401473999023
2014-05-15,26.129980087280273
2014-05-16,26.122323989868164
2014-05-19,26.244781494140625
2014-05-20,25.846790313720703
2014-05-21,26.267742156982422
2014-05-22,26.129980087280273
2014-05-23,26.604509353637695
2014-05-27,26.85707664489746
2014-05-28,27.01016616821289
2014-05-29,27.109663009643555
2014-05-30,26.749935150146484
2014-06-02,26.328983306884766
2014-06-03,26.489702224731445
2014-06-04,27.08670425415039
2014-06-05,27.285709381103516
2014-06-06,27.821460723876953
2014-06-09,27.637773513793945
2014-06-10,27.683685302734375
2014-06-11,27.64542007446289
2014-06-12,27.622465133666992
2014-06-13,27.668392181396484
2014-06-16,27.660734176635742
2014-06-17,28.127613067626953
2014-06-18,27.92861557006836
2014-06-19,28.150571823120117
2014-06-20,28.2424259185791
2014-06-23,28.449071884155273
2014-06-24,28.31130599975586
2014-06-25,28.43377113342285
2014-06-26,28.012805938720703
2014-06-27,28.204147338867188
2014-06-30,28.211801528930664
2014-07-01,28.31130599975586
2014-07-02,27.95157241821289
2014-07-03,28.165878295898438
2014-07-07,27.89800262451172
2014-07-08,28.074031829833984
2014-07-09,27.997495651245117
2014-07-10,27.75257110595703
2014-07-11,27.92861557006836
2014-07-14,28.074031829833984
2014-07-15,28.05106544494629
2014-07-16,27.836763381958008
2014-07-17,27.392847061157227
2014-07-18,27.920961380004883
2014-07-21,27.89800262451172
2014-07-22,27.85973358154297
2014-07-23,27.943918228149414
2014-07-24,27.96687889099121
2014-07-25,27.431116104125977
2014-07-28,27.36222267150879
2014-07-29,26.971895217895508
2014-07-30,26.85707664489746
2014-07-31,26.489702224731445
2014-08-01,26.36724853515625
2014-08-04,26.635120391845703
2014-08-05,26.489702224731445
2014-08-06,26.872398376464844
2014-08-07,26.589202880859375
2014-08-08,26.8877010345459
2014-08-11,27.224468231201172
2014-08-12,27.140283584594727
2014-08-13,27.36222267150879
2014-08-14,27.79374122619629
2014-08-15,27.154190063476562
2014-08-18,27.724397659301758
2014-08-19,27.786039352416992
2014-08-20,27.562570571899414
2014-08-21,27.74750518798828
2014-08-22,27.562570571899414
2014-08-25,27.75522232055664
2014-08-26,27.82457160949707
2014-08-27,27.732099533081055
2014-08-28,27.955564498901367
2014-08-29,28.009506225585938
2014-09-02,28.217552185058594
2014-09-03,27.832275390625
2014-09-04,27.485523223876953
2014-09-05,27.462411880493164
2014-09-08,27.68586540222168
2014-09-09,27.678157806396484
2014-09-10,27.624225616455078
2014-09-11,27.385353088378906
2014-09-12,27.254350662231445
2014-09-15,27.14647674560547
2014-09-16,27.339111328125
2014-09-17,27.177305221557617
2014-09-18,27.400760650634766
2014-09-19,27.161895751953125
2014-09-22,27.077136993408203
2014-09-23,26.691858291625977
2014-09-24,26.907602310180664
2014-09-25,26.291170120239258
2014-09-26,26.83055305480957
2014-09-29,26.560869216918945
2014-09-30,26.31429100036621
2014-10-01,25.85966682434082
2014-10-02,26.129352569580078
2014-10-03,26.33740234375
2014-10-06,26.04458999633789
2014-10-07,25.46668243408203
2014-10-08,25.98295783996582
2014-10-09,25.405031204223633
2014-10-10,25.48980140686035
2014-10-13,25.682435989379883
2014-10-14,26.09853172302246
2014-10-15,25.736377716064453
2014-10-16,25.582256317138672
2014-10-17,25.975242614746094
2014-10-20,26.38364028930664
2014-10-21,27.092548370361328
2014-10-22,26.59939193725586
2014-10-23,26.72267723083496
2014-10-24,26.869077682495117
2014-10-27,26.95384407043457
2014-10-28,27.732099533081055
2014-10-29,27.75522232055664
2014-10-30,28.040313720703125
2014-10-31,28.394771575927734
2014-11-03,28.140493392944336
2014-11-04,28.4024715423584
2014-11-05,28.4024715423584
2014-11-06,28.494932174682617
2014-11-07,28.440994262695312
2014-11-10,28.43330192565918
2014-11-11,28.333131790161133
2014-11-12,28.325414657592773
2014-11-13,28.20907211303711
2014-11-14,28.077219009399414
2014-11-17,27.922107696533203
2014-11-18,27.860044479370117
2014-11-19,27.480005264282227
2014-11-20,27.712682723999023
2014-11-21,27.673900604248047
2014-11-24,27.766979217529297
2014-11-25,27.495519638061523
2014-11-26,27.728206634521484
2014-11-28,27.348146438598633
2014-12-01,27.138736724853516
2014-12-02,27.402446746826172
2014-12-03,27.425718307495117
2014-12-04,27.146486282348633
2014-12-05,27.84453582763672
2014-12-08,28.108257293701172
2014-12-09,28.550355911254883
2014-12-10,27.68941879272461
2014-12-11,27.666154861450195
2014-12-12,26.51823616027832
2014-12-15,26.083892822265625
2014-12-16,25.944292068481445
2014-12-17,26.192481994628906
2014-12-18,26.98360252380371
2014-12-19,27.216293334960938
2014-12-22,27.5653133392334
2014-12-23,28.046201705932617
2014-12-24,28.077219009399414
2014-12-26,28.022932052612305
2014-12-29,28.317665100097656
2014-12-30,28.364200592041016
2014-12-31,28.007417678833008
2015-01-02,27.580839157104492
2015-01-05,27.340394973754883
2015-01-06,26.843990325927734
2015-01-07,26.97584342956543
2015-01-08,27.464488983154297
2015-01-09,27.200769424438477
2015-01-12,27.231801986694336
2015-01-13,27.28609848022461
2015-01-14,27.340394973754883
2015-01-15,27.014633178710938
2015-01-16,27.642881393432617
2015-01-20,27.154239654541016
2015-01-21,27.154239654541016
2015-01-22,28.084980010986328
2015-01-23,28.0539608001709
2015-01-26,28.20907211303711
2015-01-27,28.2556209564209
2015-01-28,27.441221237182617
2015-01-29,27.914344787597656
2015-01-30,27.076675415039062
2015-02-02,27.681665420532227
2015-02-03,27.984148025512695
2015-02-04,28.0539608001709
2015-02-05,28.56585693359375
2015-02-06,28.9769344329834
2015-02-09,28.612396240234375
2015-02-10,28.651174545288086
2015-02-11,28.294403076171875
2015-02-12,28.614511489868164
2015-02-13,28.786273956298828
2015-02-17,28.8018856048584
2015-02-18,28.73941993713379
2015-02-19,28.856542587280273
2015-02-20,28.895578384399414
2015-02-23,28.848726272583008
2015-02-24,28.965837478637695
2015-02-25,29.004892349243164
2015-02-26,29.004892349243164
2015-02-27,28.73162269592285
2015-03-02,29.449920654296875
2015-03-03,29.184446334838867
2015-03-04,28.911182403564453
2015-03-05,28.965837478637695
2015-03-06,28.92680549621582
2015-03-09,29.012693405151367
2015-03-10,28.887771606445312
2015-03-11,29.41868019104004
2015-03-12,30.121356964111328
2015-03-13,29.848087310791016
2015-03-16,30.464879989624023
2015-03-17,30.699115753173828
2015-03-18,30.933332443237305
2015-03-19,30.558576583862305
2015-03-20,31.0972900390625
2015-03-23,30.77716827392578
2015-03-24,30.745952606201172
2015-03-25,30.074512481689453
2015-03-26,30.16819953918457
2015-03-27,30.01205062866211
2015-03-30,30.433650970458984
2015-03-31,30.418031692504883
2015-04-01,30.402433395385742
2015-04-02,30.457069396972656
2015-04-06,30.48830223083496
2015-04-07,30.34777069091797
2015-04-08,30.683494567871094
2015-04-09,30.5507755279541
2015-04-10,30.761573791503906
2015-04-13,30.917722702026367
2015-04-14,30.933332443237305
2015-04-15,31.222219467163086
2015-04-16,30.902109146118164
2015-04-17,30.215038299560547
2015-04-20,30.870872497558594
2015-04-21,30.58979606628418
2015-04-22,30.582000732421875
2015-04-23,30.722530364990234
2015-04-24,30.574190139770508
2015-04-27,30.222858428955078
2015-04-28,30.418031692504883
2015-04-29,30.207237243652344
2015-04-30,29.410869598388672
2015-05-01,29.49675750732422
2015-05-04,29.80124282836914
2015-05-05,29.75439453125
2015-05-06,29.965208053588867
2015-05-07,29.824657440185547
2015-05-08,29.45771026611328
2015-05-11,28.965837478637695
2015-05-12,28.65354347229004
2015-05-13,28.356857299804688
2015-05-14,28.60050392150879
2015-05-15,28.34113883972168
2015-05-18,28.71839714050293
2015-05-19,28.6555118560791
2015-05-20,28.592639923095703
2015-05-21,28.411880493164062
2015-05-22,28.097503662109375
2015-05-26,27.767396926879883
2015-05-27,28.333274841308594
2015-05-28,28.27825927734375
2015-05-29,28.128934860229492
2015-06-01,27.81456184387207
2015-06-02,27.963886260986328
2015-06-03,28.31755828857422
2015-06-04,27.838138580322266
2015-06-05,28.21539306640625
2015-06-08,28.066051483154297
2015-06-09,28.223249435424805
2015-06-10,29.103500366210938
2015-06-11,29.292137145996094
2015-06-12,29.323564529418945
2015-06-15,29.11922264099121
2015-06-16,29.834440231323242
2015-06-17,29.590789794921875
2015-06-18,30.109514236450195
2015-06-19,30.015201568603516
2015-06-22,30.40030860900879
2015-06-23,30.738264083862305
2015-06-24,30.353160858154297
2015-06-25,30.321718215942383
2015-06-26,30.950471878051758
2015-06-29,30.219547271728516
2015-06-30,30.298139572143555
2015-07-01,30.887596130371094
2015-07-02,30.738264083862305
2015-07-06,30.769702911376953
2015-07-07,30.769702911376953
2015-07-08,30.392452239990234
2015-07-09,30.368873596191406
2015-07-10,30.981897354125977
2015-07-13,31.398469924926758
2015-07-14,31.61067771911621
2015-07-15,31.327726364135742
2015-07-16,31.461334228515625
2015-07-17,31.602813720703125
2015-07-20,30.714689254760742
2015-07-21,30.43175506591797
2015-07-22,30.45532989501953
2015-07-23,30.258846282958984
2015-07-24,30.258846282958984
2015-07-27,30.0859375
2015-07-28,30.211685180664062
2015-07-29,30.45532989501953
2015-07-30,30.42389678955078
2015-07-31,30.43175506591797
2015-08-03,30.23526382446289
2015-08-04,30.093791961669922
2015-08-05,30.0859375
2015-08-06,29.905170440673828
2015-08-07,29.52791976928711
2015-08-10,29.975902557373047
2015-08-11,30.18024444580078
2015-08-12,29.850149154663086
2015-08-13,29.976694107055664
2015-08-14,30.206066131591797
2015-08-17,30.22980499267578
2015-08-18,30.166526794433594
2015-08-19,29.905527114868164
2015-08-20,29.098758697509766
2015-08-21,28.608362197875977
2015-08-24,27.7146053314209
2015-08-25,27.271684646606445
2015-08-26,28.117992401123047
2015-08-27,28.497638702392578
2015-08-28,28.315732955932617
2015-08-31,28.015167236328125
2015-09-01,27.08976173400879
2015-09-02,27.572235107421875
2015-09-03,27.64342498779297
2015-09-04,27.113489151000977
2015-09-08,28.165443420410156
2015-09-09,27.936079025268555
2015-09-10,28.173362731933594
2015-09-11,28.553007125854492
2015-09-14,28.50555419921875
2015-09-15,28.46601104736328
2015-09-16,28.47391128540039
2015-09-17,28.228723526000977
2015-09-18,27.461511611938477
2015-09-21,27.88069725036621
2015-09-22,27.801620483398438
2015-09-23,27.92816734313965
2015-09-24,28.0626163482666
2015-09-25,28.157533645629883
2015-09-28,27.75415802001953
2015-09-29,27.675058364868164
2015-09-30,27.97562026977539
2015-10-01,27.78578758239746
2015-10-02,27.682973861694336
2015-10-05,28.497638702392578
2015-10-06,28.35527992248535
2015-10-07,28.869384765625
2015-10-08,29.09084701538086
2015-10-09,28.908926010131836
2015-10-12,28.869384765625
2015-10-13,28.766559600830078
2015-10-14,28.284086227416992
2015-10-15,28.663745880126953
2015-10-16,28.62419319152832
2015-10-19,28.671649932861328
2015-10-20,28.766559600830078
2015-10-21,28.434370040893555
2015-10-22,28.798198699951172
2015-10-23,28.908926010131836
2015-10-26,28.869384765625
2015-10-27,28.52136993408203
2015-10-28,29.011751174926758
2015-10-29,28.96430206298828
2015-10-30,28.252437591552734
2015-11-02,28.015167236328125
2015-11-03,27.698789596557617
2015-11-04,28.078441619873047
2015-11-05,28.44227409362793
2015-11-06,32.66590881347656
2015-11-09,32.175514221191406
2015-11-10,32.34160614013672
2015-11-11,32.270423889160156
2015-11-12,31.936275482177734
2015-11-13,31.68963623046875
2015-11-16,32.06357955932617
2015-11-17,31.745317459106445
2015-11-18,32.25453567504883
2015-11-19,32.38181686401367
2015-11-20,32.63642120361328
2015-11-23,32.700077056884766
2015-11-24,32.58073806762695
2015-11-25,32.62051773071289
2015-11-27,32.532981872558594
2015-11-30,32.70802688598633
2015-12-01,32.97056579589844
2015-12-02,32.6125602722168
2015-12-03,32.103355407714844
2015-12-04,32.84328842163086
2015-12-07,32.85124206542969
2015-12-08,32.85919952392578
2015-12-09,32.365909576416016
2015-12-10,32.413658142089844
2015-12-11,31.42706871032715
2015-12-14,31.132688522338867
2015-12-15,31.458898544311523
2015-12-16,31.562318801879883
2015-12-17,31.029258728027344
2015-12-18,29.772178649902344
2015-12-21,30.154069900512695
2015-12-22,30.241600036621094
2015-12-23,30.22568130493164
2015-12-24,30.30524253845215
2015-12-28,30.32911491394043
2015-12-29,30.384801864624023
2015-12-30,30.249555587768555
2015-12-31,29.636924743652344
2016-01-04,28.499183654785156
2016-01-05,28.7060489654541
2016-01-06,28.7060489654541
2016-01-07,27.93428611755371
2016-01-08,27.44100570678711
2016-01-11,27.16254425048828
2016-01-12,27.035245895385742
2016-01-13,26.21575355529785
2016-01-14,26.979549407958984
2016-01-15,26.0645809173584
2016-01-19,25.794063568115234
2016-01-20,25.778160095214844
2016-01-21,25.276918411254883
2016-01-22,25.98501968383789
2016-01-25,25.539474487304688
2016-01-26,26.29530906677246
2016-01-27,26.152095794677734
2016-01-28,26.613557815551758
2016-01-29,27.4966983795166
2016-02-01,26.780641555786133
2016-02-02,26.160057067871094
2016-02-03,26.024795532226562
2016-02-04,25.722461700439453
2016-02-05,20.781648635864258
2016-02-08,20.30428123474121
2016-02-09,20.328144073486328
2016-02-10,19.65186882019043
2016-02-11,19.121604919433594
2016-02-12,19.868789672851562
2016-02-16,20.334779739379883
2016-02-17,20.977529525756836
2016-02-18,21.53188705444336
2016-02-19,21.5881290435791
2016-02-22,21.668476104736328
2016-02-23,21.467622756958008
2016-02-24,21.893434524536133
2016-02-25,22.182674407958984
2016-02-26,22.182674407958984
2016-02-29,21.596158981323242
2016-03-01,22.263011932373047
2016-03-02,22.311220169067383
2016-03-03,22.568315505981445
2016-03-04,22.447795867919922
2016-03-07,22.93789291381836
2016-03-08,22.463863372802734
2016-03-09,22.50404167175293
2016-03-10,22.793270111083984
2016-03-11,23.444046020507812
2016-03-14,23.23516082763672
2016-03-15,23.050373077392578
2016-03-16,23.94217300415039
2016-03-17,24.681325912475586
2016-03-18,25.243732452392578
2016-03-21,24.376026153564453
2016-03-22,23.958242416381836
2016-03-23,23.146780014038086
2016-03-24,22.7691650390625
2016-03-28,23.516359329223633
2016-03-29,24.014488220214844
2016-03-30,24.046627044677734
2016-03-31,23.757387161254883
2016-04-01,23.877901077270508
2016-04-04,23.47618865966797
2016-04-05,23.36370277404785
2016-04-06,23.444046020507812
2016-04-07,23.106609344482422
2016-04-08,23.203020095825195
2016-04-11,23.106609344482422
2016-04-12,23.58063316345215
2016-04-13,24.35995864868164
2016-04-14,24.753639221191406
2016-04-15,24.384061813354492
2016-04-18,23.9984130859375
2016-04-19,23.765422821044922
2016-04-20,24.255512237548828
2016-04-21,24.16713523864746
2016-04-22,24.94646453857422
2016-04-25,24.906288146972656
2016-04-26,25.195524215698242
2016-04-27,24.978599548339844
2016-04-28,24.906288146972656
2016-04-29,24.8741512298584
2016-05-02,25.25979995727539
2016-05-03,25.21963119506836
2016-05-04,24.906288146972656
2016-05-05,24.914321899414062
2016-05-06,25.291933059692383
2016-05-09,24.914321899414062
2016-05-10,25.139286041259766
2016-05-11,24.914321899414062
2016-05-12,25.335371017456055
2016-05-13,25.027681350708008
2016-05-16,25.108652114868164
2016-05-17,25.10055160522461
2016-05-18,25.740215301513672
2016-05-19,25.38393783569336
2016-05-20,26.35558319091797
2016-05-23,25.586374282836914
2016-05-24,26.29081153869629
2016-05-25,26.145061492919922
2016-05-26,25.942636489868164
2016-05-27,26.185546875
2016-05-31,26.161256790161133
2016-06-01,26.3312931060791
2016-06-02,26.274616241455078
2016-06-03,25.772600173950195
2016-06-06,26.12887191772461
2016-06-07,26.444650650024414
2016-06-08,26.80900764465332
2016-06-09,26.817108154296875
2016-06-10,26.841402053833008
2016-06-13,26.112672805786133
2016-06-14,26.226024627685547
2016-06-15,26.072189331054688
2016-06-16,26.21793556213379
2016-06-17,25.570178985595703
2016-06-20,25.748308181762695
2016-06-21,25.683536529541016
2016-06-22,25.618759155273438
2016-06-23,26.63088035583496
2016-06-24,24.776674270629883
2016-06-27,24.023658752441406
2016-06-28,24.193695068359375
2016-06-29,24.598546981811523
2016-06-30,25.084352493286133
2016-07-01,25.41633415222168
2016-07-05,25.230106353759766
2016-07-06,25.351560592651367
2016-07-07,25.54588508605957
2016-07-08,26.307003021240234
2016-07-11,26.873788833618164
2016-07-12,27.464859008789062
2016-07-13,27.505348205566406
2016-07-14,27.529640197753906
2016-07-15,27.89400291442871
2016-07-18,27.82113265991211
2016-07-19,27.780643463134766
2016-07-20,27.885908126831055
2016-07-21,27.58631706237793
2016-07-22,27.91830062866211
2016-07-25,28.064037322998047
2016-07-26,28.355539321899414
2016-07-27,28.396005630493164
2016-07-28,28.104522705078125
2016-07-29,27.748258590698242
2016-08-01,27.40009117126465
2016-08-02,27.319122314453125
2016-08-03,27.578218460083008
2016-08-04,27.780643463134766
2016-08-05,30.938467025756836
2016-08-08,31.586210250854492
2016-08-09,31.731952667236328
2016-08-10,30.43644905090332
2016-08-11,30.273466110229492
2016-08-12,30.069746017456055
2016-08-15,30.354963302612305
2016-08-16,29.898622512817383
2016-08-17,29.906757354736328
2016-08-18,29.792673110961914
2016-08-19,29.7111873626709
2016-08-22,29.768232345581055
2016-08-23,29.898622512817383
2016-08-24,29.882312774658203
2016-08-25,30.110490798950195
2016-08-26,30.086042404174805
2016-08-29,30.54237937927246
2016-08-30,30.615711212158203
2016-08-31,30.51793670654297
2016-09-01,30.460891723632812
2016-09-02,30.648311614990234
2016-09-06,30.778703689575195
2016-09-07,31.112804412841797
2016-09-08,30.778703689575195
2016-09-09,29.94749641418457
2016-09-12,30.134933471679688
2016-09-13,29.6460018157959
2016-09-14,29.2792911529541
2016-09-15,29.68673324584961
2016-09-16,29.311880111694336
2016-09-19,30.00455665588379
2016-09-20,29.874160766601562
2016-09-21,30.469053268432617
2016-09-22,30.90908432006836
2016-09-23,30.550535202026367
2016-09-26,30.957979202270508
2016-09-27,30.9498291015625
2016-09-28,31.658794403076172
2016-09-29,31.44692611694336
2016-09-30,32.04179000854492
2016-10-03,31.26764488220215
2016-10-04,30.82759666442871
2016-10-05,31.552846908569336
2016-10-06,31.7158260345459
2016-10-07,31.854372024536133
2016-10-10,32.63666915893555
2016-10-11,32.3514518737793
2016-10-12,32.59592819213867
2016-10-13,31.90326690673828
2016-10-14,32.31071853637695
2016-10-17,31.69952964782715
2016-10-18,31.536571502685547
2016-10-19,31.29209327697754
2016-10-20,31.04762077331543
2016-10-21,30.477190017700195
2016-10-24,30.59941864013672
2016-10-25,30.436452865600586
2016-10-26,30.273466110229492
2016-10-27,30.680908203125
2016-10-28,30.640178680419922
2016-10-31,30.59941864013672
2016-11-01,30.191980361938477
2016-11-02,29.458568572998047
2016-11-03,29.254840850830078
2016-11-04,29.010377883911133
2016-11-07,29.29558563232422
2016-11-08,29.70303726196289
2016-11-09,30.802230834960938
2016-11-10,31.581533432006836
2016-11-11,32.36080551147461
2016-11-14,32.811981201171875
2016-11-15,32.27876663208008
2016-11-16,32.44282913208008
2016-11-17,32.97602844238281
2016-11-18,33.26314926147461
2016-11-21,32.72993850708008
2016-11-22,33.14009475708008
2016-11-23,33.30414962768555
2016-11-25,33.26314926147461
2016-11-28,33.01704406738281
2016-11-29,33.34516143798828
2016-11-30,33.59125518798828
2016-12-01,33.34516143798828
2016-12-02,33.509220123291016
2016-12-05,34.20648193359375
2016-12-06,35.10881042480469
2016-12-07,35.64200210571289
2016-12-08,36.585350036621094
2016-12-09,36.74940490722656
2016-12-12,36.91345977783203
2016-12-13,36.91345977783203
2016-12-14,36.339263916015625
2016-12-15,36.74940490722656
2016-12-16,36.95448303222656
2016-12-19,37.20056915283203
2016-12-20,37.4466667175293
2016-12-21,36.83143997192383
2016-12-22,36.66738510131836
2016-12-23,36.54433822631836
2016-12-27,36.462310791015625
2016-12-28,36.585350036621094
2016-12-29,36.7904167175293
2016-12-30,36.339263916015625
2017-01-03,36.052146911621094
2017-01-04,36.9954833984375
2017-01-05,36.5033073425293
2017-01-06,36.66738510131836
2017-01-09,35.88809585571289
2017-01-10,36.87246322631836
2017-01-11,36.7904167175293
2017-01-12,36.052146911621094
2017-01-13,36.462310791015625
2017-01-17,35.765052795410156
2017-01-18,36.093162536621094
2017-01-19,35.47793960571289
2017-01-20,35.92911148071289
2017-01-23,35.51896286010742
2017-01-24,36.339263916015625
2017-01-25,36.83143997192383
2017-01-26,36.66738510131836
2017-01-27,36.5033073425293
2017-01-30,35.60099411010742
2017-01-31,35.43693161010742
2017-02-01,35.354896545410156
2017-02-02,35.31388854980469
2017-02-03,35.88809585571289
2017-02-06,35.806068420410156
2017-02-07,35.51896286010742
2017-02-08,34.82170867919922
2017-02-09,35.47793960571289
2017-02-10,36.74940490722656
2017-02-13,36.462310791015625
2017-02-14,36.380271911621094
2017-02-15,36.339263916015625
2017-02-16,36.57844161987305
2017-02-17,36.04234313964844
2017-02-21,36.08357238769531
2017-02-22,36.04234313964844
2017-02-23,36.12481689453125
2017-02-24,35.83615493774414
2017-02-27,36.04234313964844
2017-02-28,35.01139450073242
2017-03-01,36.28976821899414
2017-03-02,35.0938606262207
2017-03-03,35.176326751708984
2017-03-06,34.43403244018555
2017-03-07,34.43403244018555
2017-03-08,33.89793395996094
2017-03-09,33.73298645019531
2017-03-10,34.02165985107422
2017-03-13,33.815467834472656
2017-03-14,33.60927200317383
2017-03-15,33.98042297363281
2017-03-16,34.186614990234375
2017-03-17,33.89793395996094
2017-03-20,33.60927200317383
2017-03-21,32.495849609375
2017-03-22,32.207183837890625
2017-03-23,32.16592788696289
2017-03-24,32.16592788696289
2017-03-27,32.37213134765625
2017-03-28,32.57831573486328
2017-03-29,32.66079330444336
2017-03-30,32.90822219848633
2017-03-31,32.90822219848633
2017-04-03,32.86699676513672
2017-04-04,33.320621490478516
2017-04-05,32.825748443603516
2017-04-06,33.03194046020508
2017-04-07,32.94947052001953
2017-04-10,33.03194046020508
2017-04-11,33.403072357177734
2017-04-12,32.99070739746094
2017-04-13,32.33088302612305
2017-04-17,33.11442947387695
2017-04-18,32.825748443603516
2017-04-19,33.11442947387695
2017-04-20,33.650508880615234
2017-04-21,33.27936553955078
2017-04-24,33.650508880615234
2017-04-25,33.403072357177734
2017-04-26,33.23814010620117
2017-04-27,33.23814010620117
2017-04-28,32.45459747314453
2017-05-01,32.57831573486328
2017-05-02,32.33088302612305
2017-05-03,31.50611686706543
2017-05-04,31.918508529663086
2017-05-05,31.011260986328125
2017-05-08,30.887548446655273
2017-05-09,30.763824462890625
2017-05-10,31.299930572509766
2017-05-11,31.2501220703125
2017-05-12,31.706634521484375
2017-05-15,31.457651138305664
2017-05-16,31.167118072509766
2017-05-17,30.46160125732422
2017-05-18,30.918134689331055
2017-05-19,31.167118072509766
2017-05-22,31.955652236938477
2017-05-23,32.495147705078125
2017-05-24,31.99714469909668
2017-05-25,32.16315460205078
2017-05-26,32.16315460205078
2017-05-30,31.83112907409668
2017-05-31,31.66513442993164
2017-06-01,32.41215133666992
2017-06-02,33.03466796875
2017-06-05,32.453643798828125
2017-06-06,32.66115188598633
2017-06-07,33.15917205810547
2017-06-08,33.615657806396484
2017-06-09,34.5286865234375
2017-06-12,34.11367416381836
2017-06-13,33.74018096923828
2017-06-14,33.49116897583008
2017-06-15,33.53268051147461
2017-06-16,33.242164611816406
2017-06-19,32.993160247802734
2017-06-20,32.03863525390625
2017-06-21,31.457651138305664
2017-06-22,31.66513442993164
2017-06-23,31.457651138305664
2017-06-26,31.499134063720703
2017-06-27,31.62363624572754
2017-06-28,32.702667236328125
2017-06-29,32.495147705078125
2017-06-30,32.03863525390625
2017-07-03,33.076175689697266
2017-07-05,32.66115188598633
2017-07-06,31.955652236938477
2017-07-07,31.748149871826172
2017-07-10,31.333127975463867
2017-07-11,31.457651138305664
2017-07-12,31.08412742614746
2017-07-13,31.3746337890625
2017-07-14,30.752113342285156
2017-07-17,31.08412742614746
2017-07-18,31.66513442993164
2017-07-19,32.37064743041992
2017-07-20,32.24613952636719
2017-07-21,32.03863525390625
2017-07-24,32.20465087890625
2017-07-25,32.66115188598633
2017-07-26,31.99714469909668
2017-07-27,32.28763961791992
2017-07-28,32.57815933227539
2017-07-31,32.57815933227539
2017-08-01,33.15917205810547
2017-08-02,36.93573760986328
2017-08-03,39.093788146972656
2017-08-04,39.5087890625
2017-08-07,39.176788330078125
2017-08-08,40.08979797363281
2017-08-09,40.29730987548828
2017-08-10,40.747745513916016
2017-08-11,40.53921127319336
2017-08-14,41.33163070678711
2017-08-15,41.37335205078125
2017-08-16,41.28993606567383
2017-08-17,40.41409683227539
2017-08-18,40.91456985473633
2017-08-21,40.91456985473633
2017-08-22,40.83115768432617
2017-08-23,40.789459228515625
2017-08-24,40.747745513916016
2017-08-25,41.20652770996094
2017-08-28,40.62261199951172
2017-08-29,39.955318450927734
2017-08-30,39.83019256591797
2017-08-31,39.955318450927734
2017-09-01,39.70507049560547
2017-09-05,38.66238784790039
2017-09-06,38.954349517822266
2017-09-07,38.16191482543945
2017-09-08,40.03873062133789
2017-09-11,40.747745513916016
2017-09-12,41.37335205078125
2017-09-13,41.28993606567383
2017-09-14,41.20652770996094
2017-09-15,41.70700454711914
2017-09-18,42.2909049987793
2017-09-19,42.62456130981445
2017-09-20,42.87480163574219
2017-09-21,42.7913818359375
2017-09-22,42.62456130981445
2017-09-25,43.0416259765625
2017-09-26,43.2918701171875
2017-09-27,44.0426025390625
2017-09-28,44.08430099487305
2017-09-29,44.20943069458008
2017-10-02,45.46063995361328
2017-10-03,45.66917419433594
2017-10-04,45.66917419433594
2017-10-05,45.00186538696289
2017-10-06,45.752593994140625
2017-10-09,45.66917419433594
2017-10-10,46.00283432006836
2017-10-11,45.919410705566406
2017-10-12,47.128910064697266
2017-10-13,47.75452423095703
2017-10-16,48.92232131958008
2017-10-17,48.296714782714844
2017-10-18,49.04743576049805
2017-10-19,49.46450424194336
2017-10-20,49.214263916015625
2017-10-23,49.46450424194336
2017-10-24,50.00669860839844
2017-10-25,50.5071907043457
2017-10-26,50.715721130371094
2017-10-27,50.67401885986328
2017-10-30,53.384971618652344
2017-10-31,53.468379974365234
2017-11-01,53.63521957397461
2017-11-02,53.301551818847656
2017-11-03,53.63521957397461
2017-11-06,55.80398178100586
2017-11-07,55.05324935913086
2017-11-08,54.13570785522461
2017-11-09,55.55373764038086
2017-11-10,55.75465393066406
2017-11-13,56.04766082763672
2017-11-14,55.796504974365234
2017-11-15,55.503509521484375
2017-11-16,56.04766082763672
2017-11-17,56.089500427246094
2017-11-20,56.424381256103516
2017-11-21,57.68011474609375
2017-11-22,57.428958892822266
2017-11-24,57.34524917602539
2017-11-27,57.554534912109375
2017-11-28,58.977699279785156
2017-11-29,58.433536529541016
2017-11-30,57.763824462890625
2017-12-01,57.470821380615234
2017-12-04,57.428958892822266
2017-12-05,57.05225372314453
2017-12-06,57.26152420043945
2017-12-07,57.30339431762695
2017-12-08,56.50811004638672
2017-12-11,57.17782211303711
2017-12-12,57.59640121459961
2017-12-13,57.30339431762695
2017-12-14,56.67552185058594
2017-12-15,58.7265625
2017-12-18,58.098690032958984
2017-12-19,57.59640121459961
2017-12-20,57.889404296875
2017-12-21,58.55910873413086
2017-12-22,58.433536529541016
2017-12-26,58.76842498779297
2017-12-27,58.7265625
2017-12-28,58.55910873413086
2017-12-29,57.68011474609375
2018-01-02,57.59640121459961
2018-01-03,56.50811004638672
2018-01-04,57.30339431762695
2018-01-05,56.38251876831055
2018-01-08,57.470821380615234
2018-01-09,57.34524917602539
2018-01-10,56.759254455566406
2018-01-11,57.51267623901367
2018-01-12,58.26612854003906
2018-01-16,57.97311019897461
2018-01-17,59.39627456665039
2018-01-18,57.59640121459961
2018-01-19,57.93126678466797
2018-01-22,58.056819915771484
2018-01-23,58.056819915771484
2018-01-24,57.72195053100586
2018-01-25,57.763824462890625
2018-01-26,57.68011474609375
2018-01-29,56.089500427246094
2018-01-30,55.712799072265625
2018-01-31,54.28962326049805
2018-02-01,53.3268928527832
2018-02-02,52.447879791259766
2018-02-05,50.14568328857422
2018-02-06,50.22941970825195
2018-02-07,49.727134704589844
2018-02-08,47.17378616333008
2018-02-09,48.303951263427734
2018-02-12,48.345802307128906
2018-02-13,48.17837142944336
2018-02-14,44.829750061035156
2018-02-15,46.46221160888672
2018-02-16,49.48064422607422
2018-02-20,47.37866973876953
2018-02-21,48.00926208496094
2018-02-22,47.75703048706055
2018-02-23,48.63985061645508
2018-02-26,49.52268600463867
2018-02-27,47.88314437866211
2018-02-28,47.42070388793945
2018-03-01,47.67294692993164
2018-03-02,48.00926208496094
2018-03-05,49.396575927734375
2018-03-06,49.774932861328125
2018-03-07,49.60677719116211
2018-03-08,48.723941802978516
2018-03-09,49.396575927734375
2018-03-12,49.4386100769043
2018-03-13,48.7659797668457
2018-03-14,47.50478744506836
2018-03-15,47.63091278076172
2018-03-16,47.75703048706055
2018-03-19,47.63091278076172
2018-03-20,48.387611389160156
2018-03-21,49.01821517944336
2018-03-22,47.0423583984375
2018-03-23,46.57990264892578
2018-03-26,48.59782409667969
2018-03-27,46.95827865600586
2018-03-28,47.4627571105957
2018-03-29,47.92517852783203
2018-04-02,46.41176223754883
2018-04-03,48.17742156982422
2018-04-04,48.26150131225586
2018-04-05,48.513736724853516
2018-04-06,46.8321533203125
2018-04-09,46.8321533203125
2018-04-10,47.75703048706055
2018-04-11,48.303550720214844
2018-04-12,48.723941802978516
2018-04-13,48.345584869384766
2018-04-16,48.850067138671875
2018-04-17,49.01821517944336
2018-04-18,48.47170639038086
2018-04-19,49.3125
2018-04-20,49.27044677734375
2018-04-23,49.60677719116211
2018-04-24,50.02717208862305
2018-04-25,49.90105056762695
2018-04-26,50.78387451171875
2018-04-27,51.49855041503906
2018-04-30,56.75352096557617
2018-05-01,58.14082336425781
2018-05-02,58.05674362182617
2018-05-03,58.224884033203125
2018-05-04,60.074649810791016
2018-05-07,62.34477996826172
2018-05-08,61.96642303466797
2018-05-09,62.5129508972168
2018-05-10,61.92437744140625
2018-05-11,62.08466339111328
2018-05-14,61.83161163330078
2018-05-15,62.00028991699219
2018-05-16,63.054744720458984
2018-05-17,63.89826965332031
2018-05-18,64.5730972290039
2018-05-21,66.30236053466797
2018-05-22,65.7540512084961
2018-05-23,65.2479248046875
2018-05-24,64.91051483154297
2018-05-25,64.23567962646484
2018-05-29,65.03707885742188
2018-05-30,66.97720336914062
2018-05-31,65.33229064941406
2018-06-01,65.37445831298828
2018-06-04,66.63977813720703
2018-06-05,66.76632690429688
2018-06-06,67.73638916015625
2018-06-07,67.90508270263672
2018-06-08,68.7486572265625
2018-06-11,67.82073974609375
2018-06-12,66.34452819824219
2018-06-13,66.0492935180664
2018-06-14,65.1635971069336
2018-06-15,63.51866149902344
2018-06-18,64.826171875
2018-06-19,66.51322937011719
2018-06-20,66.00711822509766
2018-06-21,64.78399658203125
2018-06-22,63.98261642456055
2018-06-25,63.307796478271484
2018-06-26,62.84385681152344
2018-06-27,61.789405822753906
2018-06-28,63.47647476196289
2018-06-29,63.81391525268555
2018-07-02,63.89826965332031
2018-07-03,63.856082916259766
2018-07-05,61.873756408691406
2018-07-06,60.5662841796875
2018-07-09,61.07240676879883
2018-07-10,60.14451599121094
2018-07-11,59.511863708496094
2018-07-12,60.31324005126953
2018-07-13,61.70506286621094
2018-07-16,63.39215850830078
2018-07-17,63.687381744384766
2018-07-18,63.940460205078125
2018-07-19,64.06697082519531
2018-07-20,62.59077835083008
2018-07-23,62.37989044189453
2018-07-24,62.25338363647461
2018-07-25,62.548606872558594
2018-07-26,64.02479553222656
2018-07-27,63.1812744140625
2018-07-30,65.92278289794922
2018-07-31,67.31460571289062
2018-08-01,66.51322937011719
2018-08-02,67.1880874633789
2018-08-03,67.31460571289062
2018-08-06,66.00711822509766
2018-08-07,64.23567962646484
2018-08-08,65.29012298583984
2018-08-09,64.826171875
2018-08-10,64.98694610595703
2018-08-13,65.11387634277344
2018-08-14,65.70620727539062
2018-08-15,65.66388702392578
2018-08-16,66.21389770507812
2018-08-17,66.51007080078125
2018-08-20,66.80622863769531
2018-08-21,67.18701171875
2018-08-22,67.27165222167969
2018-08-23,66.42546081542969
2018-08-24,67.44088745117188
2018-08-27,68.16014862060547
2018-08-28,68.16014862060547
2018-08-29,68.87940979003906
2018-08-30,68.54090118408203
2018-08-31,68.83708953857422
2018-09-04,69.47171020507812
2018-09-05,70.06407165527344
2018-09-06,71.41793060302734
2018-09-07,71.29102325439453
2018-09-10,72.68721771240234
2018-09-11,71.88333129882812
2018-09-12,71.03716278076172
2018-09-13,70.23330688476562
2018-09-14,72.26412963867188
2018-09-17,69.38707733154297
2018-09-18,68.5832290649414
2018-09-19,68.07552337646484
2018-09-20,68.20244598388672
2018-09-21,68.20244598388672
2018-09-24,66.51007080078125
2018-09-25,67.69474029541016
2018-09-26,67.52549743652344
2018-09-27,67.35626220703125
2018-09-28,68.07552337646484
2018-10-01,65.77391052246094
2018-10-02,66.22238159179688
2018-10-03,66.80622863769531
2018-10-04,67.21240234375
2018-10-05,67.4747085571289
2018-10-08,68.77783966064453
2018-10-09,69.33633422851562
2018-10-10,66.56085205078125
2018-10-11,65.41004943847656
2018-10-12,62.1014404296875
2018-10-15,61.80531311035156
2018-10-16,63.717655181884766
2018-10-17,62.82070541381836
2018-10-18,62.499168395996094
2018-10-19,62.49070358276367
2018-10-22,61.93222427368164
2018-10-23,62.04222106933594
2018-10-24,59.98600769042969
2018-10-25,60.239845275878906
2018-10-26,62.1776237487793
2018-10-29,62.99842071533203
2018-10-30,64.2338638305664
2018-10-31,63.624595642089844
2018-11-01,63.80227279663086
2018-11-02,63.548431396484375
2018-11-05,64.74156188964844
2018-11-06,64.93617248535156
2018-11-07,65.01231384277344
2018-11-08,65.50312042236328
2018-11-09,64.41999053955078
2018-11-12,63.94614028930664
2018-11-13,63.81919479370117
2018-11-14,60.87446975708008
2018-11-15,63.1591796875
2018-11-16,64.53443908691406
2018-11-19,63.829837799072266
2018-11-20,62.37820053100586
2018-11-21,62.429115295410156
2018-11-23,62.29329299926758
2018-11-26,62.5649528503418
2018-11-27,61.86034393310547
2018-11-28,63.58364486694336
2018-11-29,63.47330093383789
2018-11-30,64.60234069824219
2018-12-03,64.38162994384766
2018-12-04,61.69055938720703
2018-12-06,60.83315658569336
2018-12-07,59.254173278808594
2018-12-10,57.49694061279297
2018-12-11,56.65650939941406
2018-12-12,56.91966247558594
2018-12-13,55.90946960449219
2018-12-14,56.121700286865234
2018-12-17,54.941707611083984
2018-12-18,54.70402145385742
2018-12-19,54.856815338134766
2018-12-20,55.5614128112793
2018-12-21,54.4832878112793
2018-12-24,52.97222137451172
2018-12-26,55.31522750854492
2018-12-27,56.2660026550293
2018-12-28,55.74817657470703
2018-12-31,56.35089874267578
2019-01-02,56.011329650878906
2019-01-03,55.204864501953125
2019-01-04,56.80931091308594
2019-01-07,56.92815399169922
2019-01-08,59.016483306884766
2019-01-09,59.882389068603516
2019-01-10,60.204959869384766
2019-01-11,60.32380676269531
2019-01-14,60.08610916137695
2019-01-15,60.204959869384766
2019-01-16,61.49531555175781
2019-01-17,62.20839309692383
2019-01-18,63.32048034667969
2019-01-22,63.18465805053711
2019-01-23,63.048824310302734
2019-01-24,63.56666564941406
2019-01-25,63.00638961791992
2019-01-28,63.312007904052734
2019-01-29,62.7856330871582
2019-01-30,63.26953887939453
2019-01-31,63.82133865356445
2019-02-01,64.46652221679688
2019-02-04,65.02679443359375
2019-02-05,64.72967529296875
2019-02-06,64.4580307006836
2019-02-07,64.5174331665039
2019-02-08,64.03357696533203
2019-02-11,66.02001190185547
2019-02-12,66.6906509399414
2019-02-13,68.46488952636719
2019-02-14,67.42074584960938
2019-02-15,68.94508361816406
2019-02-19,69.48159790039062
2019-02-20,69.98403930664062
2019-02-21,70.01810455322266
2019-02-22,70.66529083251953
2019-02-25,70.38428497314453
2019-02-26,69.29421997070312
2019-02-27,70.7760009765625
2019-02-28,70.76750946044922
2019-03-01,72.30036163330078
2019-03-04,71.09111785888672
2019-03-05,70.46092987060547
2019-03-06,68.93656158447266
2019-03-07,67.27594757080078
2019-03-08,67.3270492553711
2019-03-11,68.23827362060547
2019-03-12,68.01686096191406
2019-03-13,68.1871566772461
2019-03-14,68.25529479980469
2019-03-15,67.4718246459961
2019-03-18,67.56549835205078
2019-03-19,65.66645050048828
2019-03-20,65.4024658203125
2019-03-21,65.6153564453125
2019-03-22,64.38053894042969
2019-03-25,65.57278442382812
2019-03-26,66.41582489013672
2019-03-27,66.41582489013672
2019-03-28,65.37691497802734
2019-03-29,64.84040832519531
2019-04-01,66.21998596191406
2019-04-02,66.01558685302734
2019-04-03,66.8927230834961
2019-04-04,66.9353256225586
2019-04-05,67.28447723388672
2019-04-08,67.03750610351562
2019-04-09,67.35259246826172
2019-04-10,68.75772857666016
2019-04-11,70.08622741699219
2019-04-12,70.63124084472656
2019-04-15,70.63124084472656
2019-04-16,72.38552856445312
2019-04-17,71.88310241699219
2019-04-18,72.87947082519531
2019-04-22,71.94268798828125
2019-04-23,72.93907928466797
2019-04-24,73.6458740234375
2019-04-25,72.99015808105469
2019-04-26,73.65440368652344
2019-04-29,75.87705993652344
2019-04-30,76.54130554199219
2019-05-01,75.0169448852539
2019-05-02,75.90263366699219
2019-05-03,77.23109436035156
2019-05-06,76.55835723876953
2019-05-07,75.28944396972656
2019-05-08,74.0716781616211
2019-05-09,74.61670684814453
2019-05-10,75.18889617919922
2019-05-13,72.8573989868164
2019-05-14,73.57479858398438
2019-05-15,73.85662078857422
2019-05-16,75.2401351928711
2019-05-17,73.31004333496094
2019-05-20,74.12137603759766
2019-05-21,74.30925750732422
2019-05-22,75.1120376586914
2019-05-23,73.21611785888672
2019-05-24,74.4544448852539
2019-05-28,72.96843719482422
2019-05-29,72.41329956054688
2019-05-30,71.14934539794922
2019-05-31,70.87605285644531
2019-06-03,72.1314697265625
2019-06-04,72.67805480957031
2019-06-05,71.50802612304688
2019-06-06,71.7386245727539
2019-06-07,72.04606628417969
2019-06-10,73.29296875
2019-06-11,74.38611602783203
2019-06-12,73.23316955566406
2019-06-13,74.40321350097656
2019-06-14,74.21532440185547
2019-06-17,73.83099365234375
2019-06-18,76.27352905273438
2019-06-19,75.5732192993164
2019-06-20,76.50413513183594
2019-06-21,74.99246978759766
2019-06-24,74.4544448852539
2019-06-25,74.98392486572266
2019-06-26,72.45600891113281
2019-06-27,73.83954620361328
2019-06-28,73.6943588256836
2019-07-01,75.8294448852539
2019-07-02,76.07708740234375
2019-07-03,76.11124420166016
2019-07-05,76.98236846923828
2019-07-08,76.55532836914062
2019-07-09,76.8542709350586
2019-07-10,75.47928619384766
2019-07-11,75.2657699584961
2019-07-12,75.65861511230469
2019-07-15,75.01811218261719
2019-07-16,74.91561889648438
2019-07-17,73.98472595214844
2019-07-18,74.25799560546875
2019-07-19,73.83099365234375
2019-07-22,73.38689422607422
2019-07-23,73.61750030517578
2019-07-24,74.15553283691406
2019-07-25,74.28364562988281
2019-07-26,74.94123077392578
2019-07-29,74.223876953125
2019-07-30,74.33487701416016
2019-07-31,75.17182159423828
2019-08-01,73.54918670654297
2019-08-02,73.70289611816406
2019-08-05,65.59815216064453
2019-08-06,66.18741607666016
2019-08-07,66.529052734375
2019-08-08,68.39937591552734
2019-08-09,67.90402221679688
2019-08-12,65.47003936767578
2019-08-13,66.93042755126953
2019-08-14,64.04378509521484
2019-08-15,64.11214447021484
2019-08-16,64.43772888183594
2019-08-19,64.8233413696289
2019-08-20,63.966461181640625
2019-08-21,64.23208618164062
2019-08-22,64.53199005126953
2019-08-23,57.317012786865234
2019-08-26,58.40526580810547
2019-08-27,57.676918029785156
2019-08-28,59.21931457519531
2019-08-29,60.49607849121094
2019-08-30,59.96480178833008
2019-09-03,59.29643249511719
2019-09-04,60.778839111328125
2019-09-05,63.675106048583984
2019-09-06,63.39234161376953
2019-09-09,66.0486831665039
2019-09-10,65.4403076171875
2019-09-11,64.96900177001953
2019-09-12,64.37776184082031
2019-09-13,64.85762023925781
2019-09-16,64.78907012939453
2019-09-17,65.43172454833984
2019-09-18,66.2371826171875
2019-09-19,66.7513198852539
2019-09-20,66.6313705444336
2019-09-23,66.43428039550781
2019-09-24,66.70848846435547
2019-09-25,67.53108978271484
2019-09-26,66.82846069335938
2019-09-27,66.88843536376953
2019-09-30,66.79418182373047
2019-10-01,65.26892852783203
2019-10-02,62.938175201416016
2019-10-03,63.675106048583984
2019-10-04,64.8233413696289
2019-10-07,64.66909790039062
2019-10-08,63.17810821533203
2019-10-09,63.5722770690918
2019-10-10,63.2209587097168
2019-10-11,63.717952728271484
2019-10-14,63.75223922729492
2019-10-15,64.28349304199219
2019-10-16,63.33237075805664
2019-10-17,63.44375991821289
2019-10-18,64.40348052978516
2019-10-21,64.6091079711914
2019-10-22,62.878211975097656
2019-10-23,62.415489196777344
2019-10-24,62.72397232055664
2019-10-25,63.10955810546875
2019-10-28,63.24665451049805
2019-10-29,64.11214447021484
2019-10-30,61.84994888305664
2019-10-31,61.59288024902344
2019-11-01,62.51832962036133
2019-11-04,61.84994888305664
2019-11-05,63.400901794433594
2019-11-06,63.152400970458984
2019-11-07,63.400901794433594
2019-11-08,63.85504150390625
2019-11-11,63.5722770690918
2019-11-12,64.09498596191406
2019-11-13,63.5722770690918
2019-11-14,63.58083724975586
2019-11-15,63.623863220214844
2019-11-18,63.28839874267578
2019-11-19,63.79588317871094
2019-11-20,63.28839874267578
2019-11-21,62.78093719482422
2019-11-22,62.62611770629883
2019-11-25,63.21957778930664
2019-11-26,63.70987319946289
2019-11-27,64.13993835449219
2019-11-29,63.58083724975586
2019-12-02,63.30561447143555
2019-12-03,62.78093719482422
2019-12-04,63.92489242553711
2019-12-05,63.34000015258789
2019-12-06,64.02811431884766
2019-12-09,63.75286865234375
2019-12-10,63.28839874267578
2019-12-11,63.92489242553711
2019-12-12,65.08607482910156
2019-12-13,65.06028747558594
2019-12-16,66.23865509033203
2019-12-17,67.1331787109375
2019-12-18,67.14179229736328
2019-12-19,67.2794189453125
2019-12-20,66.96115112304688
2019-12-23,65.79998016357422
2019-12-24,66.00640869140625
2019-12-26,66.16984558105469
2019-12-27,65.9548110961914
2019-12-30,66.41068267822266
2019-12-31,66.66011810302734
2020-01-02,66.82354736328125
2020-01-03,66.703125
2020-01-06,66.35907745361328
2020-01-07,65.4559326171875
2020-01-08,65.72257995605469
2020-01-09,66.8837661743164
2020-01-10,66.71173858642578
2020-01-13,67.70948028564453
2020-01-14,67.53746032714844
2020-01-15,67.08157348632812
2020-01-16,68.43199920654297
2020-01-17,67.77828979492188
2020-01-21,66.48808288574219
2020-01-22,66.77192687988281
2020-01-23,66.86654663085938
2020-01-24,66.17845916748047
2020-01-27,65.3097152709961
2020-01-28,66.74613189697266
2020-01-29,66.61711120605469
2020-01-30,65.98062896728516
2020-01-31,64.01090240478516
2020-02-03,65.24950408935547
2020-02-04,66.56551361083984
2020-02-05,68.65563201904297
2020-02-06,68.96526336669922
2020-02-07,68.78463745117188
2020-02-10,69.86841583251953
2020-02-11,69.32653045654297
2020-02-12,68.38037872314453
2020-02-13,68.37176513671875
2020-02-14,69.01068878173828
2020-02-18,68.1990966796875
2020-02-19,68.02642822265625
2020-02-20,67.86238861083984
2020-02-21,67.45659637451172
2020-02-24,66.36872100830078
2020-02-25,66.13560485839844
2020-02-26,64.1929702758789
2020-02-27,60.92073059082031
2020-02-28,59.435699462890625
2020-03-02,64.0893783569336
2020-03-03,64.00304412841797
2020-03-04,67.73287963867188
2020-03-05,64.70235443115234
2020-03-06,65.61756896972656
2020-03-09,60.730777740478516
2020-03-10,63.51091003417969
2020-03-11,59.358009338378906
2020-03-12,57.51898193359375
2020-03-13,65.02182006835938
2020-03-16,62.0258674621582
2020-03-17,63.50227355957031
2020-03-18,54.37624740600586
2020-03-19,50.86225891113281
2020-03-20,50.63777542114258
2020-03-23,48.38432312011719
2020-03-24,57.07863998413086
2020-03-25,60.85165786743164
2020-03-26,63.597225189208984
2020-03-27,61.53375244140625
2020-03-30,63.200069427490234
2020-03-31,64.21022033691406
2020-04-01,61.63734817504883
2020-04-02,59.65153121948242
2020-04-03,56.379310607910156
2020-04-06,58.088809967041016
2020-04-07,55.23100280761719
2020-04-08,58.744998931884766
2020-04-09,63.01877975463867
2020-04-13,61.85319137573242
2020-04-14,61.71504592895508
2020-04-15,58.47734832763672
2020-04-16,57.22543716430664
2020-04-17,60.3940544128418
2020-04-20,58.52915954589844
2020-04-21,56.65558624267578
2020-04-22,57.691654205322266
2020-04-23,56.681495666503906
2020-04-24,56.65558624267578
2020-04-27,59.012638092041016
2020-04-28,59.14216613769531
2020-04-29,60.86029815673828
2020-04-30,58.03702163696289
2020-05-01,56.12892150878906
2020-05-04,55.67132568359375
2020-05-05,55.9476203918457
2020-05-06,54.410789489746094
2020-05-07,55.161922454833984
2020-05-08,56.23253631591797
2020-05-11,54.20356750488281
2020-05-12,51.578861236572266
2020-05-13,49.334049224853516
2020-05-14,49.75711441040039
2020-05-15,50.434078216552734
2020-05-18,52.99441146850586
2020-05-19,52.239322662353516
2020-05-20,53.2547721862793
2020-05-21,54.26154708862305
2020-05-22,54.183433532714844
2020-05-26,53.8536262512207
2020-05-27,57.273193359375
2020-05-28,55.3377571105957
2020-05-29,55.025306701660156
2020-06-01,56.97809600830078
2020-06-02,57.70713806152344
2020-06-03,59.19125747680664
2020-06-04,60.059165954589844
2020-06-05,63.39192199707031
2020-06-08,65.3533935546875
2020-06-09,64.27721405029297
2020-06-10,60.51048278808594
2020-06-11,55.8585090637207
2020-06-12,57.04753112792969
2020-06-15,58.73994827270508
2020-06-16,60.79688262939453
2020-06-17,61.578025817871094
2020-06-18,61.75159454345703
2020-06-19,60.562564849853516
2020-06-22,61.282920837402344
2020-06-23,61.10065841674805
2020-06-24,61.057254791259766
2020-06-25,62.454586029052734
2020-06-26,60.6146354675293
2020-06-29,61.63007736206055
2020-06-30,62.94062805175781
2020-07-01,62.567420959472656
2020-07-02,61.985931396484375
2020-07-06,63.070804595947266
2020-07-07,63.235679626464844
2020-07-08,66.10846710205078
2020-07-09,63.47871398925781
2020-07-10,66.16056823730469
2020-07-13,65.1103744506836
2020-07-14,66.72468566894531
2020-07-15,68.330322265625
2020-07-16,67.94845581054688
2020-07-17,68.23486328125
2020-07-20,67.23677062988281
2020-07-21,68.16541290283203
2020-07-22,68.40843963623047
2020-07-23,68.96392822265625
2020-07-24,68.09598541259766
2020-07-27,67.25411987304688
2020-07-28,66.66393280029297
2020-07-29,68.27826690673828
2020-07-30,67.24543762207031
2020-07-31,68.14807891845703
2020-08-03,69.7276611328125
2020-08-04,70.74310302734375
2020-08-05,70.64762115478516
2020-08-06,72.26194763183594
2020-08-07,73.64191436767578
2020-08-10,72.83475494384766
2020-08-11,70.40461730957031
2020-08-12,70.7083969116211
2020-08-13,70.73442077636719
2020-08-14,71.09159088134766
2020-08-17,70.57764434814453
2020-08-18,70.47307586669922
2020-08-19,70.41212463378906
2020-08-20,68.72213745117188
2020-08-21,67.42420196533203
2020-08-24,68.50437927246094
2020-08-25,68.12980651855469
2020-08-26,67.72036743164062
2020-08-27,68.46083068847656
2020-08-28,67.89459991455078
2020-08-31,67.65069580078125
2020-09-01,67.79878234863281
2020-09-02,67.8161849975586
2020-09-03,66.57923126220703
2020-09-04,66.08268737792969
2020-09-08,63.51290512084961
2020-09-09,64.60179138183594
2020-09-10,63.21672058105469
2020-09-11,62.8247184753418
2020-09-14,62.11909484863281
2020-09-15,60.359466552734375
2020-09-16,60.707923889160156
2020-09-17,61.41351318359375
2020-09-18,60.7775993347168
2020-09-21,59.2792854309082
2020-09-22,59.357666015625
2020-09-23,56.71821212768555
2020-09-24,56.84016418457031
2020-09-25,58.46044158935547
2020-09-28,59.357666015625
2020-09-29,58.36459732055664
2020-09-30,58.21652603149414
2020-10-01,57.807106018066406
2020-10-02,58.355899810791016
2020-10-05,59.322837829589844
2020-10-06,58.80016326904297
2020-10-07,58.38203430175781
2020-10-08,58.294925689697266
2020-10-09,57.981319427490234
2020-10-12,59.5057487487793
2020-10-13,57.780967712402344
2020-10-14,56.90114212036133
2020-10-15,57.28443145751953
2020-10-16,57.084083557128906
2020-10-19,55.66416549682617
2020-10-20,55.89936065673828
2020-10-21,56.66594696044922
2020-10-22,57.15377426147461
2020-10-23,58.18167495727539
2020-10-26,56.79662322998047
2020-10-27,55.06309127807617
2020-10-28,54.1223030090332
2020-10-29,54.41847610473633
2020-10-30,53.71286392211914
2020-11-02,55.96905517578125
2020-11-03,56.58754348754883
2020-11-04,55.333126068115234
2020-11-05,55.91678237915039
2020-11-06,56.47429656982422
2020-11-09,57.92034912109375
2020-11-10,60.58595275878906
2020-11-11,60.2723503112793
2020-11-12,59.68000793457031
2020-11-13,61.30739212036133
2020-11-16,63.80974197387695
2020-11-17,63.12726593017578
2020-11-18,63.1447639465332
2020-11-19,63.05727767944336
2020-11-20,64.57967376708984
2020-11-23,66.50457000732422
2020-11-24,68.07947540283203
2020-11-25,67.7907485961914
2020-11-27,68.06197357177734
2020-11-30,65.57711791992188
2020-12-01,66.0321044921875
2020-12-02,66.89830017089844
2020-12-03,66.6795425415039
2020-12-04,67.66822814941406
2020-12-07,67.0557861328125
2020-12-08,68.10570526123047
2020-12-09,68.94566345214844
2020-12-10,68.78816986083984
2020-12-11,68.06197357177734
2020-12-14,67.2395248413086
2020-12-15,68.94566345214844
2020-12-16,68.5431900024414
2020-12-17,67.66822814941406
2020-12-18,67.09075927734375
2020-12-21,66.80204772949219
2020-12-22,66.97705078125
2020-12-23,67.57198333740234
2020-12-24,67.50200653076172
2020-12-28,67.46701049804688
2020-12-29,66.72328186035156
2020-12-30,66.89830017089844
2020-12-31,67.22203826904297
2021-01-04,66.2683334350586
2021-01-05,67.75572204589844
2021-01-06,71.09801483154297
2021-01-07,69.61936950683594
2021-01-08,69.6106185913086
2021-01-11,68.66568756103516
2021-01-12,69.12065124511719
2021-01-13,67.77323913574219
2021-01-14,67.33574676513672
2021-01-15,67.5632553100586
2021-01-19,68.21070861816406
2021-01-20,67.63325500488281
2021-01-21,65.97084045410156
2021-01-22,65.2096176147461
2021-01-25,65.59461975097656
2021-01-26,64.83342742919922
2021-01-27,62.584808349609375
2021-01-28,62.68105697631836
2021-01-29,61.552371978759766
2021-02-01,63.468505859375
2021-02-02,61.0186653137207
2021-02-03,60.554935455322266
2021-02-04,60.8261604309082
2021-02-05,62.724796295166016
2021-02-08,63.06603240966797
2021-02-09,65.22714233398438
2021-02-10,65.71711730957031
2021-02-11,66.5745620727539
2021-02-12,66.74148559570312
2021-02-16,65.17770385742188
2021-02-17,65.88931274414062
2021-02-18,65.20406341552734
2021-02-19,65.22163391113281
2021-02-22,67.71663665771484
2021-02-23,68.64786529541016
2021-02-24,68.40188598632812
2021-02-25,66.37250518798828
2021-02-26,66.43399047851562
2021-03-01,67.97140502929688
2021-03-02,67.50580596923828
2021-03-03,68.1383285522461
2021-03-04,67.08411407470703
2021-03-05,69.21012878417969
2021-03-08,70.4664077758789
2021-03-09,70.3961410522461
2021-03-10,71.4327621459961
2021-03-11,71.0550537109375
2021-03-12,70.53671264648438
2021-03-15,71.86328125
2021-03-16,71.95114135742188
2021-03-17,71.8544921875
2021-03-18,72.0916748046875
2021-03-19,71.55577087402344
2021-03-22,70.9408187866211
2021-03-23,69.51762390136719
2021-03-24,69.587890625
2021-03-25,70.75633239746094
2021-03-26,71.01988220214844
2021-03-29,71.38008880615234
2021-03-30,71.66122436523438
2021-03-31,70.03594207763672
2021-04-01,71.28343200683594
2021-04-05,71.67001342773438
2021-04-06,71.8369140625
2021-04-07,71.0111083984375
2021-04-08,70.79146575927734
2021-04-09,70.95838165283203
2021-04-12,71.2219467163086
2021-04-13,71.20439147949219
2021-04-14,73.02293395996094
2021-04-15,72.93506622314453
2021-04-16,72.78572082519531
2021-04-19,72.6627197265625
2021-04-20,72.1004867553711
2021-04-21,72.96142578125
2021-04-22,72.08291625976562
2021-04-23,73.18107604980469
2021-04-26,72.7417984008789
2021-04-27,72.63639068603516
2021-04-28,71.95114135742188
2021-04-29,73.26891326904297
2021-04-30,68.57757568359375
2021-05-03,69.25407409667969
2021-05-04,69.623046875
2021-05-05,68.41947174072266
2021-05-06,69.80752563476562
2021-05-07,69.82511901855469
2021-05-10,68.62150573730469
2021-05-11,68.48973846435547
2021-05-12,67.6375961303711
2021-05-13,68.32280731201172
2021-05-14,68.62272644042969
2021-05-17,68.28752899169922
2021-05-18,67.99646759033203
2021-05-19,67.69657135009766
2021-05-20,67.67010498046875
2021-05-21,67.18498992919922
2021-05-24,66.585205078125
2021-05-25,65.76490783691406
2021-05-26,65.57085418701172
2021-05-27,65.66788482666016
2021-05-28,66.03836059570312
2021-06-01,65.4914779663086
2021-06-02,64.53004455566406
2021-06-03,64.38011169433594
2021-06-04,64.96224975585938
2021-06-07,63.621543884277344
2021-06-08,63.84205627441406
2021-06-09,62.96000289916992
2021-06-10,63.60390090942383
2021-06-11,63.97438049316406
2021-06-14,63.859703063964844
2021-06-15,64.7593765258789
2021-06-16,63.85087585449219
2021-06-17,62.68660354614258
2021-06-18,61.43408966064453
2021-06-21,63.048221588134766
2021-06-22,63.16287612915039
2021-06-23,63.154075622558594
2021-06-24,64.06256103515625
2021-06-25,65.19159698486328
2021-06-28,65.05928039550781
2021-06-29,65.06809997558594
2021-06-30,65.18275451660156
2021-07-01,65.8707504272461
2021-07-02,64.58296203613281
2021-07-06,63.154075622558594
2021-07-07,63.092308044433594
2021-07-08,61.62812423706055
2021-07-09,62.642478942871094
2021-07-12,63.16287612915039
2021-07-13,61.93685531616211
2021-07-14,61.698699951171875
2021-07-15,61.8751106262207
2021-07-16,61.83982849121094
2021-07-19,59.52888488769531
2021-07-20,60.77257537841797
2021-07-21,61.32823944091797
2021-07-22,60.18159103393555
2021-07-23,60.32271957397461
2021-07-26,60.35799026489258
2021-07-27,60.049285888671875
2021-07-28,59.7140998840332
2021-07-29,60.402103424072266
2021-07-30,58.22346496582031
2021-08-02,55.85077667236328
2021-08-03,55.33037567138672
2021-08-04,54.37777328491211
2021-08-05,55.6214485168457
2021-08-06,57.994136810302734
2021-08-09,59.78468322753906
2021-08-10,60.446197509765625
2021-08-11,58.999656677246094
2021-08-12,59.12314987182617
2021-08-13,59.167449951171875
2021-08-16,58.83958053588867
2021-08-17,59.53077697753906
2021-08-18,60.859981536865234
2021-08-19,59.043392181396484
2021-08-20,60.26626968383789
2021-08-23,60.62958526611328
2021-08-24,60.72704315185547
2021-08-25,60.26626968383789
2021-08-26,60.68275451660156
2021-08-27,62.24235916137695
2021-08-30,60.408042907714844
2021-08-31,60.78907775878906
2021-09-01,60.39032745361328
2021-09-02,60.585262298583984
2021-09-03,60.797943115234375
2021-09-07,60.69160842895508
2021-09-08,59.83205032348633
2021-09-09,58.423091888427734
2021-09-10,57.439476013183594
2021-09-13,59.30922317504883
2021-09-14,59.22948455810547
2021-09-15,59.069976806640625
2021-09-16,58.04205322265625
2021-09-17,57.661014556884766
2021-09-20,58.050926208496094
2021-09-21,58.81298828125
2021-09-22,59.575077056884766
2021-09-23,59.76115798950195
2021-09-24,59.64596176147461
2021-09-27,60.4434928894043
2021-09-28,59.45988464355469
2021-09-29,60.062461853027344
2021-09-30,59.18516540527344
2021-10-01,60.470069885253906
2021-10-04,60.11561584472656
2021-10-05,60.549835205078125
2021-10-06,60.39032745361328
2021-10-07,60.61186599731445
2021-10-08,59.38898468017578
2021-10-11,58.38764572143555
2021-10-12,58.72437286376953
2021-10-13,58.63576889038086
2021-10-14,59.14973831176758
2021-10-15,58.609188079833984
2021-10-18,57.82052230834961
2021-10-19,57.42176818847656
2021-10-20,57.90913391113281
2021-10-21,59.35354232788086
2021-10-22,60.57640075683594
2021-10-25,60.797943115234375
2021-10-26,61.32077407836914
2021-10-27,61.0992317199707
2021-10-28,62.52592086791992
2021-10-29,56.25205612182617
2021-11-01,56.67740249633789
2021-11-02,56.73057174682617
2021-11-03,57.45719528198242
2021-11-04,55.24185562133789
2021-11-05,56.50017166137695
2021-11-08,55.80012893676758
2021-11-09,54.719032287597656
2021-11-10,54.38230514526367
2021-11-11,53.992401123046875
2021-11-12,54.63368606567383
2021-11-15,53.867706298828125
2021-11-16,53.449100494384766
2021-11-17,52.959224700927734
2021-11-18,52.781089782714844
2021-11-19,51.67667007446289
2021-11-22,52.76328659057617
2021-11-23,52.81671142578125
2021-11-24,52.21106719970703
2021-11-26,51.93495559692383
2021-11-29,50.581138610839844
2021-11-30,49.271846771240234
2021-12-01,47.71318054199219
2021-12-02,48.5682258605957
2021-12-03,48.04273223876953
2021-12-06,49.5034294128418
2021-12-07,48.61274719238281
2021-12-08,48.301025390625
2021-12-09,47.641929626464844
2021-12-10,46.97392654418945
2021-12-13,47.85568618774414
2021-12-14,48.63056564331055
2021-12-15,49.17387771606445
2021-12-16,48.38119125366211
2021-12-17,47.730995178222656
2021-12-20,46.76017761230469
2021-12-21,48.65728759765625
2021-12-22,48.8087043762207
2021-12-23,50.12689208984375
2021-12-27,50.29612731933594
2021-12-28,50.625675201416016
2021-12-29,51.917137145996094
2021-12-30,52.01511764526367
2021-12-31,52.36247634887695
2022-01-03,53.26205062866211
2022-01-04,53.751922607421875
2022-01-05,53.08392333984375
2022-01-06,53.876617431640625
2022-01-07,56.085479736328125
2022-01-10,54.313045501708984
2022-01-11,55.47982406616211
2022-01-12,55.533260345458984
2022-01-13,56.032039642333984
2022-01-14,57.002864837646484
2022-01-18,56.219078063964844
2022-01-19,55.80936813354492
2022-01-20,52.914695739746094
2022-01-21,52.19324493408203
2022-01-24,53.636138916015625
2022-01-25,53.84989929199219
2022-01-26,53.128456115722656
2022-01-27,51.90823745727539
2022-01-28,52.54951477050781
2022-01-31,53.4223747253418
2022-02-01,46.93830490112305
2022-02-02,47.16096496582031
2022-02-03,47.41925811767578
2022-02-04,46.92938995361328
2022-02-07,46.769073486328125
2022-02-08,48.488067626953125
2022-02-09,47.71318054199219
2022-02-10,46.54640197753906
2022-02-11,45.802730560302734
2022-02-14,45.050113677978516
2022-02-15,45.20241928100586
2022-02-16,45.014278411865234
2022-02-17,43.759891510009766
2022-02-18,45.2203483581543
2022-02-22,46.12528610229492
2022-02-23,46.582237243652344
2022-02-24,46.17009735107422
2022-02-25,47.90829849243164
2022-02-28,47.88142013549805
2022-03-01,47.18254852294922
2022-03-02,46.429927825927734
2022-03-03,46.1611328125
2022-03-04,46.868953704833984
2022-03-07,48.3383674621582
2022-03-08,47.487186431884766
2022-03-09,46.886878967285156
2022-03-10,47.51405715942383
2022-03-11,47.549903869628906
2022-03-14,46.56432342529297
2022-03-15,47.10190963745117
2022-03-16,47.621585845947266
2022-03-17,48.63404846191406
2022-03-18,48.49965286254883
2022-03-21,48.5444450378418
2022-03-22,48.04269790649414
2022-03-23,48.840126037597656
2022-03-24,48.553401947021484
2022-03-25,49.3508415222168
2022-03-28,48.93868637084961
2022-03-29,49.995933532714844
2022-03-30,50.83816909790039
2022-03-31,50.658966064453125
2022-04-01,51.33992004394531
2022-04-04,49.98698425292969
2022-04-05,48.329410552978516
2022-04-06,49.08203887939453
2022-04-07,49.29707717895508
2022-04-08,49.22539520263672
2022-04-11,49.046199798583984
2022-04-12,49.019317626953125
2022-04-13,49.915306091308594
2022-04-14,49.503150939941406
2022-04-18,48.76844024658203
2022-04-19,48.2756462097168
2022-04-20,49.359798431396484
2022-04-21,48.535491943359375
2022-04-22,45.12178421020508
2022-04-25,45.65937423706055
2022-04-26,44.44083786010742
2022-04-27,43.41941452026367
2022-04-28,42.182960510253906
2022-04-29,41.35865020751953
2022-05-02,42.19192123413086
2022-05-03,46.36720657348633
2022-05-04,46.134246826171875
2022-05-05,44.628990173339844
2022-05-06,43.634464263916016
2022-05-09,42.944541931152344
2022-05-10,42.77431106567383
2022-05-11,41.681209564208984
2022-05-12,41.16154098510742
2022-05-13,41.98242950439453
2022-05-16,42.37030792236328
2022-05-17,43.849708557128906
2022-05-18,43.768524169921875
2022-05-19,43.371620178222656
2022-05-20,42.24402618408203
2022-05-23,43.9128532409668
2022-05-24,44.60744857788086
2022-05-25,45.81623077392578
2022-05-26,46.564945220947266
2022-05-27,47.24150085449219
2022-05-31,47.656455993652344
2022-06-01,46.628089904785156
2022-06-02,47.07011413574219
2022-06-03,46.11390686035156
2022-06-06,46.28530502319336
2022-06-07,47.28660583496094
2022-06-08,47.07912826538086
2022-06-09,45.72602081298828
2022-06-10,44.52626419067383
2022-06-13,43.15511703491211
2022-06-14,42.198917388916016
2022-06-15,42.334228515625
2022-06-16,40.69245147705078
2022-06-17,39.92569351196289
2022-06-21,39.916683197021484
2022-06-22,40.439876556396484
2022-06-23,40.53008270263672
2022-06-24,43.768524169921875
2022-06-27,43.23630142211914
2022-06-28,43.11902618408203
2022-06-29,43.046871185302734
2022-06-30,43.2092399597168
2022-07-01,44.29172134399414
2022-07-05,44.67961883544922
2022-07-06,45.1667366027832
2022-07-07,45.70798110961914
2022-07-08,45.12162780761719
2022-07-11,44.5352897644043
2022-07-12,45.41029357910156
2022-07-13,44.60744857788086
2022-07-14,42.821353912353516
2022-07-15,42.97470474243164
2022-07-18,41.98242950439453
2022-07-19,43.371620178222656
2022-07-20,43.88579177856445
2022-07-21,42.911556243896484
2022-07-22,42.64093017578125
2022-07-25,43.81363296508789
2022-07-26,43.010780334472656
2022-07-27,42.92058181762695
2022-07-28,42.72211837768555
2022-07-29,42.21696090698242
2022-08-01,41.82906723022461
2022-08-02,38.482383728027344
2022-08-03,39.41151809692383
2022-08-04,38.44630432128906
2022-08-05,39.447601318359375
2022-08-08,40.16023635864258
2022-08-09,40.40379333496094
2022-08-10,40.93601989746094
2022-08-11,42.253047943115234
2022-08-12,43.19744873046875
2022-08-15,43.53343963623047
2022-08-16,44.268985748291016
2022-08-17,44.42335510253906
2022-08-18,44.595890045166016
2022-08-19,44.268985748291016
2022-08-22,42.76157760620117
2022-08-23,42.94318771362305
2022-08-24,43.78770446777344
2022-08-25,44.514163970947266
2022-08-26,42.825130462646484
2022-08-29,42.62535858154297
2022-08-30,42.00785827636719
2022-08-31,41.771751403808594
2022-09-01,41.771751403808594
2022-09-02,41.59014129638672
2022-09-06,41.59014129638672
2022-09-07,42.9068603515625
2022-09-08,44.22358322143555
2022-09-09,44.169090270996094
2022-09-12,44.03288650512695
2022-09-13,42.11683654785156
2022-09-14,42.87961959838867
2022-09-15,42.55270767211914
2022-09-16,42.08051300048828
2022-09-19,42.389251708984375
2022-09-20,41.76268005371094
2022-09-21,41.272315979003906
2022-09-22,40.7183837890625
2022-09-23,40.10997009277344
2022-09-26,38.321044921875
2022-09-27,37.93965530395508
2022-09-28,38.91130447387695
2022-09-29,38.33013153076172
2022-09-30,37.46745681762695
2022-10-03,38.33921432495117
2022-10-04,41.08162307739258
2022-10-05,40.44595718383789
2022-10-06,40.27342224121094
2022-10-07,39.519718170166016
2022-10-10,39.74674606323242
2022-10-11,40.046409606933594
2022-10-12,39.53786849975586
2022-10-13,40.473209381103516
2022-10-14,40.573097229003906
2022-10-17,41.23598861694336
2022-10-18,42.10774230957031
2022-10-19,41.42668533325195
2022-10-20,38.030460357666016
2022-10-21,38.82048416137695
2022-10-24,39.72856903076172
2022-10-25,40.781944274902344
2022-10-26,40.86367416381836
2022-10-27,41.4176025390625
2022-10-28,42.70708465576172
2022-10-31,43.288246154785156
2022-11-01,43.08847427368164
2022-11-02,41.862571716308594
2022-11-03,45.031776428222656
2022-11-04,50.934303283691406
2022-11-07,50.69821548461914
2022-11-08,50.0080680847168
2022-11-09,48.50971984863281
2022-11-10,49.87185287475586
2022-11-11,50.38945388793945
2022-11-14,48.38957977294922
2022-11-15,49.101863861083984
2022-11-16,49.193180084228516
2022-11-17,49.750221252441406
2022-11-18,49.04706954956055
2022-11-21,48.9374885559082
2022-11-22,49.741092681884766
2022-11-23,48.9374885559082
2022-11-25,49.56758499145508
2022-11-28,49.52193069458008
2022-11-29,50.78211975097656
2022-11-30,51.978389739990234
2022-12-01,51.18391418457031
2022-12-02,52.042320251464844
2022-12-05,50.91910171508789
2022-12-06,50.152034759521484
2022-12-07,49.40321350097656
2022-12-08,51.631385803222656
2022-12-09,50.06984329223633
2022-12-12,48.85531234741211
2022-12-13,48.63614273071289
2022-12-14,48.15214538574219
2022-12-15,46.76410675048828
2022-12-16,46.59974670410156
2022-12-19,46.82803726196289
2022-12-20,47.38508605957031
2022-12-21,48.298255920410156
2022-12-22,47.248104095458984
2022-12-23,46.1340217590332
2022-12-27,45.31215286254883
2022-12-28,45.056461334228516
2022-12-29,45.257362365722656
2022-12-30,44.92860794067383
2023-01-03,44.773372650146484
2023-01-04,46.08836364746094
2023-01-05,47.092864990234375
2023-01-06,49.90547180175781
2023-01-09,50.553829193115234
2023-01-10,50.91910171508789
2023-01-11,49.91460418701172
2023-01-12,50.67253494262695
2023-01-13,50.96475601196289
2023-01-17,49.8415412902832
2023-01-18,48.72745895385742
2023-01-19,48.30739212036133
2023-01-20,48.9831428527832
2023-01-23,49.503662109375
2023-01-24,49.750221252441406
2023-01-25,51.45787048339844
2023-01-26,50.252479553222656
2023-01-27,51.0286750793457
2023-01-30,51.88707733154297
2023-01-31,53.631256103515625
2023-02-01,52.60848617553711
2023-02-02,51.695308685302734
2023-02-03,55.70417785644531
2023-02-06,56.507781982421875
2023-02-07,62.14213180541992
2023-02-08,61.09196090698242
2023-02-09,58.325016021728516
2023-02-10,59.270179748535156
2023-02-13,59.09583282470703
2023-02-14,58.59113311767578
2023-02-15,59.848297119140625
2023-02-16,59.600528717041016
2023-02-17,60.12358093261719
2023-02-21,58.884769439697266
2023-02-22,58.64618682861328
2023-02-23,58.39842987060547
2023-02-24,57.04032897949219
2023-02-27,56.78338623046875
2023-02-28,56.52644729614258
2023-03-01,56.41633605957031
2023-03-02,56.021751403808594
2023-03-03,57.75607681274414
2023-03-06,56.333740234375
2023-03-07,55.11328125
2023-03-08,56.08597946166992
2023-03-09,54.305763244628906
2023-03-10,53.002723693847656
2023-03-13,50.96556854248047
2023-03-14,53.241302490234375
2023-03-15,51.277557373046875
2023-03-16,52.589786529541016
2023-03-17,48.78158950805664
2023-03-20,49.873573303222656
2023-03-21,50.95638656616211
2023-03-22,49.08441162109375
2023-03-23,48.06583023071289
2023-03-24,48.47877502441406
2023-03-27,49.02934646606445
2023-03-28,48.77241897583008
2023-03-29,49.94698715209961
2023-03-30,49.51569747924805
2023-03-31,50.158050537109375
2023-04-03,51.07568359375
2023-04-04,50.662742614746094
2023-04-05,51.41520690917969
2023-04-06,51.79143142700195
2023-04-10,52.938480377197266
2023-04-11,53.021080017089844
2023-04-12,52.47966766357422
2023-04-13,50.387447357177734
2023-04-14,48.24936294555664
2023-04-17,49.80934143066406
2023-04-18,49.864402770996094
2023-04-19,51.103206634521484
2023-04-20,51.38768005371094
2023-04-21,50.387447357177734
2023-04-24,49.387229919433594
2023-04-25,48.78158950805664
2023-04-26,47.60701370239258
2023-04-27,47.7905387878418
2023-04-28,44.643043518066406
2023-05-01,43.51435089111328
2023-05-02,41.660728454589844
2023-05-03,40.67885208129883
2023-05-04,40.22003936767578
2023-05-05,41.78001403808594
2023-05-08,42.872005462646484
2023-05-09,42.55083084106445
2023-05-10,42.367305755615234
2023-05-11,41.376258850097656
2023-05-12,40.85882568359375
2023-05-15,41.27461242675781
2023-05-16,41.27461242675781
2023-05-17,41.76433563232422
2023-05-18,41.995338439941406
2023-05-19,41.108299255371094
2023-05-22,41.625728607177734
2023-05-23,41.219181060791016
2023-05-24,40.33214569091797
2023-05-25,40.036468505859375
2023-05-26,40.54467010498047
2023-05-30,40.8773078918457
2023-05-31,39.99027633666992
2023-06-01,39.98103332519531
2023-06-02,40.76642608642578
2023-06-05,39.84243392944336
2023-06-06,40.96046447753906
2023-06-07,43.020965576171875
2023-06-08,42.85464859008789
2023-06-09,42.244808197021484
2023-06-12,42.18013381958008
2023-06-13,42.06001663208008
2023-06-14,40.95121765136719
2023-06-15,40.94198989868164
2023-06-16,42.34645080566406
2023-06-20,43.880271911621094
2023-06-21,43.815589904785156
2023-06-22,45.41409683227539
2023-06-23,44.56401443481445
2023-06-26,45.5711669921875
2023-06-27,45.51572799682617
2023-06-28,44.53630447387695
2023-06-29,45.15537643432617
2023-06-30,44.59174346923828
2023-07-03,44.5455436706543
2023-07-05,43.42751693725586
2023-07-06,43.9449577331543
2023-07-07,44.45314407348633
2023-07-10,44.41618347167969
2023-07-11,44.360748291015625
2023-07-12,44.397701263427734
2023-07-13,43.409034729003906
2023-07-14,42.013816833496094
2023-07-17,43.04867935180664
2023-07-18,43.122596740722656
2023-07-19,43.35359573364258
2023-07-20,45.10917282104492
2023-07-21,45.284732818603516
2023-07-24,45.34017562866211
2023-07-25,44.785789489746094
2023-07-26,45.617374420166016
2023-07-27,45.44182205200195
2023-07-28,47.24359130859375
2023-07-31,47.09574890136719
2023-08-01,46.68920135498047
2023-08-02,46.569091796875
2023-08-03,46.763118743896484
2023-08-04,47.18815231323242
2023-08-07,47.60395050048828
2023-08-08,44.08354568481445
2023-08-09,43.98191452026367
2023-08-10,44.76729965209961
2023-08-11,44.50691223144531
2023-08-14,44.534812927246094
2023-08-15,43.902462005615234
2023-08-16,45.21367263793945
2023-08-17,43.82806396484375
2023-08-18,42.38665008544922
2023-08-21,43.63277053833008
2023-08-22,42.96321487426758
2023-08-23,42.97251892089844
2023-08-24,43.16780090332031
2023-08-25,43.130611419677734
2023-08-28,43.0376091003418
2023-08-29,43.96754455566406
2023-08-30,44.75800323486328
2023-08-31,43.67926788330078
2023-09-01,44.255836486816406
2023-09-05,43.84666061401367
2023-09-06,43.958248138427734
2023-09-07,44.218631744384766
2023-09-08,44.33953094482422
2023-09-11,44.6836051940918
2023-09-12,45.70654296875
2023-09-13,46.608585357666016
2023-09-14,47.454830169677734
2023-09-15,42.83302688598633
2023-09-18,43.688568115234375
2023-09-19,43.12130355834961
2023-09-20,42.479652404785156
2023-09-21,41.32651901245117
2023-09-22,40.81505584716797
2023-09-25,40.25709915161133
2023-09-26,39.829322814941406
2023-09-27,39.4759407043457
2023-09-28,39.24346160888672
2023-09-29,39.08536911010742
2023-10-02,38.778480529785156
2023-10-03,37.560264587402344
2023-10-04,37.1138916015625
2023-10-05,38.56460189819336
2023-10-06,39.234153747558594
2023-10-09,39.09466552734375
2023-10-10,39.13186264038086
2023-10-11,39.503841400146484
2023-10-12,39.15976333618164
2023-10-13,40.61977005004883
2023-10-16,41.82868957519531
2023-10-17,42.43314743041992
2023-10-18,42.19136047363281
2023-10-19,40.303592681884766
2023-10-20,39.65263748168945
2023-10-23,37.97874069213867
2023-10-24,39.04816436767578
2023-10-25,39.34574890136719
2023-10-26,39.51314163208008
2023-10-27,38.387908935546875
2023-10-30,39.206260681152344
2023-10-31,37.086002349853516
2023-11-01,36.8628044128418
2023-11-02,38.35071563720703
2023-11-03,39.122562408447266
2023-11-06,38.722686767578125
2023-11-07,38.20191955566406
2023-11-08,37.34638214111328
2023-11-09,36.48153305053711
2023-11-10,36.46293640136719
2023-11-13,37.062843322753906
2023-11-14,38.6844596862793
2023-11-15,38.787567138671875
2023-11-16,38.562599182128906
2023-11-17,39.059391021728516
2023-11-20,38.88130187988281
2023-11-21,38.956295013427734
2023-11-22,39.89364242553711
2023-11-24,39.959259033203125
2023-11-27,40.20296096801758
2023-11-28,40.47480010986328
2023-11-29,40.54977798461914
2023-11-30,41.45901107788086
2023-12-01,41.7777214050293
2023-12-04,43.47432327270508
2023-12-05,43.427459716796875
2023-12-06,43.67116165161133
2023-12-07,43.868003845214844
2023-12-08,44.19607925415039
2023-12-11,44.47728729248047
2023-12-12,45.19904708862305
2023-12-13,45.386512756347656
2023-12-14,45.93018341064453
2023-12-15,44.69287872314453
2023-12-18,45.2646598815918
2023-12-19,46.548828125
2023-12-20,44.261695861816406
2023-12-21,44.58040237426758
2023-12-22,45.124053955078125
2023-12-26,45.27402877807617
2023-12-27,45.414634704589844
2023-12-28,45.5364875793457
2023-12-29,45.620849609375
2024-01-02,46.6331901550293
2024-01-03,45.545867919921875
2024-01-04,46.26762771606445
2024-01-05,46.239505767822266
2024-01-08,46.520713806152344
2024-01-09,46.86753463745117
2024-01-10,49.54835510253906
2024-01-11,50.23261642456055
2024-01-12,50.19511795043945
2024-01-16,51.619895935058594
2024-01-17,51.29182815551758
2024-01-18,51.03874206542969
2024-01-19,52.50100326538086
2024-01-22,53.32587432861328
2024-01-23,52.39790344238281
2024-01-24,54.188236236572266
2024-01-25,58.02199935913086
2024-01-26,57.834529876708984
2024-01-29,58.69689178466797
2024-01-30,57.225250244140625
2024-01-31,56.24103927612305
2024-02-01,56.75657653808594
2024-02-02,53.738311767578125
2024-02-05,52.30415725708008
2024-02-06,54.0570068359375
2024-02-07,54.0570068359375
2024-02-08,54.441322326660156
2024-02-09,55.5567626953125
2024-02-12,54.2819709777832
2024-02-13,52.39790344238281
2024-02-14,53.53208923339844
2024-02-15,55.3786735534668
2024-02-16,56.500003814697266
2024-02-20,55.77443313598633
2024-02-21,54.55887985229492
2024-02-22,54.766178131103516
2024-02-23,54.144264221191406
2024-02-26,54.21965026855469
2024-02-27,55.15252685546875
2024-02-28,54.097145080566406
2024-02-29,54.02177047729492
2024-03-01,54.247920989990234
2024-03-04,54.8792610168457
2024-03-05,54.700218200683594
2024-03-06,56.40577697753906
2024-03-07,54.8792610168457
2024-03-08,54.379844665527344
2024-03-11,54.992332458496094
2024-03-12,54.813289642333984
2024-03-13,55.35041046142578
2024-03-14,55.35041046142578
2024-03-15,55.07714080810547
2024-03-18,55.275020599365234
2024-03-19,54.75675964355469
2024-03-20,55.54828643798828
2024-03-21,56.01000213623047
2024-03-22,56.01000213623047
2024-03-25,56.792110443115234
2024-03-26,58.65785217285156
2024-03-27,60.3539924621582
2024-03-28,58.34690475463867
2024-04-01,57.3292236328125
2024-04-02,55.85924530029297
2024-04-03,55.3221321105957
2024-04-04,54.087730407714844
2024-04-05,54.803871154785156
2024-04-08,54.229068756103516
2024-04-09,53.84272384643555
2024-04-10,54.70964813232422
2024-04-11,52.184288024902344
2024-04-12,52.77793502807617
2024-04-15,51.55295944213867
2024-04-16,53.117164611816406
2024-04-17,53.16427230834961
2024-04-18,53.71080780029297
2024-04-19,54.66252899169922
2024-04-22,55.011173248291016
2024-04-23,55.08656311035156
2024-04-24,56.91461181640625
2024-04-25,55.3221321105957
2024-04-26,54.11600112915039
2024-04-29,55.265602111816406
2024-04-30,54.945220947265625
2024-05-01,55.11482620239258
2024-05-02,55.020606994628906
2024-05-03,55.57655715942383
2024-05-06,56.989990234375
2024-05-07,56.88633728027344
2024-05-08,56.91461181640625
2024-05-09,57.63075256347656
2024-05-10,57.53605270385742
2024-05-13,57.62128448486328
2024-05-14,57.81070327758789
2024-05-15,56.74048614501953
2024-05-16,57.59286880493164
2024-05-17,57.63075256347656
2024-05-20,56.352176666259766
2024-05-21,57.28980255126953
2024-05-22,56.50370788574219
2024-05-23,55.75550842285156
2024-05-24,55.376670837402344
2024-05-28,54.694759368896484
2024-05-29,54.315914154052734
2024-05-30,55.59449768066406
2024-05-31,56.674190521240234
2024-06-03,55.70814895629883
2024-06-04,55.196712493896484
2024-06-05,55.85968780517578
2024-06-06,56.0112190246582
2024-06-07,55.6229133605957
2024-06-10,55.850215911865234
2024-06-11,54.94100570678711
2024-06-12,55.14936447143555
2024-06-13,54.80841064453125
2024-06-14,54.259098052978516
2024-06-17,55.14936447143555
2024-06-18,56.07752227783203
2024-06-20,55.85968780517578
2024-06-21,55.8028564453125
2024-06-24,56.36164474487305
2024-06-25,55.29142761230469
2024-06-26,54.48640060424805
2024-06-27,55.15884017944336
2024-06-28,56.1911735534668
2024-07-01,56.181697845458984
2024-07-02,56.27640914916992
2024-07-03,56.4468879699707
2024-07-05,55.8028564453125
2024-07-08,55.63239288330078
2024-07-09,57.1098518371582
2024-07-10,56.958316802978516
2024-07-11,57.7728157043457
2024-07-12,58.11377716064453
2024-07-15,58.30319595336914
2024-07-16,60.05531311035156
2024-07-17,59.73331069946289
2024-07-18,59.894317626953125
2024-07-19,58.90933609008789
2024-07-22,59.619659423828125
2024-07-23,60.57622146606445
2024-07-24,58.81462478637695
2024-07-25,59.94166946411133
2024-07-26,61.599090576171875
2024-07-29,61.078182220458984
2024-07-30,62.28099060058594
2024-07-31,60.670928955078125
2024-08-01,59.846961975097656
2024-08-02,60.30155944824219
2024-08-05,58.44525909423828
2024-08-06,54.7989387512207
2024-08-07,56.50370788574219
2024-08-08,56.6268310546875
2024-08-09,57.08143997192383
2024-08-12,57.043556213378906
2024-08-13,57.38451385498047
2024-08-14,57.87699508666992
2024-08-15,58.388431549072266
2024-08-16,59.041927337646484
2024-08-19,60.022315979003906
2024-08-20,58.861083984375
2024-08-21,58.70879364013672
2024-08-22,58.89915466308594
2024-08-23,59.118072509765625
2024-08-26,58.64216232299805
2024-08-27,59.127593994140625
2024-08-28,59.24181365966797
2024-08-29,59.765323638916016
2024-08-30,59.49880599975586
2024-09-03,60.24123001098633
2024-09-04,59.308441162109375
2024-09-05,58.918190002441406
2024-09-06,57.8045539855957
2024-09-09,57.41429901123047
2024-09-10,57.24296951293945
2024-09-11,56.405357360839844
2024-09-12,56.567176818847656
2024-09-13,57.119232177734375
2024-09-16,57.81407165527344
2024-09-17,58.299503326416016
2024-09-18,57.861663818359375
2024-09-19,57.44285202026367
2024-09-20,57.61418151855469
2024-09-23,58.30902099609375
2024-09-24,58.204322814941406
2024-09-25,57.63322067260742
2024-09-26,58.14720916748047
2024-09-27,57.89021682739258
2024-09-30,58.299503326416016
2024-10-01,57.8045539855957
2024-10-02,57.90925216674805
2024-10-03,57.576114654541016
2024-10-04,58.299503326416016
2024-10-07,56.15789031982422
2024-10-08,56.94791030883789
2024-10-09,58.09010314941406
2024-10-10,57.55707931518555
2024-10-11,57.89021682739258
2024-10-14,58.385169982910156
2024-10-15,58.34709167480469
2024-10-16,59.927127838134766
2024-10-17,61.29776382446289
2024-10-18,60.57437515258789
2024-10-21,60.231712341308594
2024-10-22,59.55591583251953
2024-10-23,59.68917465209961
2024-10-24,60.94558334350586
2024-10-25,59.9842414855957
2024-10-28,61.24064636230469
2024-10-29,60.46015548706055
2024-10-30,61.06932830810547
2024-10-31,59.27037048339844
2024-11-01,59.42266082763672
2024-11-04,59.6035041809082
2024-11-05,60.46967315673828
2024-11-06,63.039615631103516
2024-11-07,62.56370162963867
2024-11-08,64.55302429199219
2024-11-11,65.35256958007812
2024-11-12,66.11402130126953
2024-11-13,66.37100982666016
2024-11-14,67.2467041015625
2024-11-15,67.80826568603516
2024-11-18,67.42587280273438
2024-11-19,67.49279022216797
2024-11-20,67.59795379638672
2024-11-21,68.92677307128906
2024-11-22,68.45834350585938
2024-11-25,68.78337860107422
2024-11-26,68.42010498046875
2024-11-27,67.80828094482422
2024-11-29,68.34363555908203
2024-12-02,67.84650421142578
2024-12-03,67.1964340209961
2024-12-04,67.67444610595703
2024-12-05,68.11418151855469
2024-12-06,67.53103637695312
2024-12-09,65.45654296875
2024-12-10,63.726200103759766
2024-12-11,64.92118835449219
2024-12-12,64.6917495727539
2024-12-13,64.72998046875
2024-12-16,64.8447036743164
2024-12-17,63.22908401489258
2024-12-18,60.906036376953125
2024-12-19,61.36491394042969
2024-12-20,62.196624755859375
2024-12-23,62.21573257446289
2024-12-24,62.91360855102539
2024-12-26,63.14304733276367
2024-12-27,62.31134033203125
2024-12-30,63.02832794189453
2024-12-31,63.5158805847168
2025-01-02,62.550331115722656
2025-01-03,63.48720169067383
2025-01-06,62.25398635864258
2025-01-07,61.766422271728516
2025-01-08,61.92893981933594
2025-01-10,60.0456428527832
2025-01-13,60.81999206542969
2025-01-14,61.441383361816406
2025-01-15,62.74152374267578
2025-01-16,63.45852279663086
2025-01-17,62.3878173828125
2025-01-21,62.89448928833008
2025-01-22,61.986297607421875
2025-01-23,61.9002571105957
2025-01-24,62.52165603637695
2025-01-27,64.16596221923828
2025-01-28,63.687965393066406
2025-01-29,63.95563888549805
2025-01-30,65.09325408935547
2025-01-31,64.22332000732422
2025-02-03,63.362918853759766
2025-02-04,63.095252990722656
2025-02-05,65.53302001953125
2025-02-06,66.44120788574219
2025-02-07,65.217529296875
2025-02-10,64.45275115966797
2025-02-11,64.13727569580078
2025-02-12,63.10480499267578
2025-02-13,64.94987487792969
2025-02-14,64.5387954711914
2025-02-18,63.21324157714844
2025-02-19,62.91547775268555
2025-02-20,62.704158782958984
2025-02-21,61.69559097290039
2025-02-24,62.49283981323242
2025-02-25,63.17482376098633
2025-02-26,62.38717269897461
2025-02-27,63.71272659301758
2025-02-28,64.91340637207031
2025-03-03,65.57617950439453
2025-03-04,63.28047561645508
2025-03-05,63.73193359375
2025-03-06,63.338111877441406
2025-03-07,63.93364715576172
2025-03-10,62.28151321411133
2025-03-11,62.72336959838867
2025-03-12,62.82903289794922
2025-03-13,63.75114440917969
2025-03-14,65.84512329101562
2025-03-17,65.5089340209961
2025-03-18,64.46195220947266
2025-03-19,64.59642791748047
2025-03-20,64.73089599609375
2025-03-21,63.64548873901367
2025-03-24,64.64445495605469
2025-03-25,64.97103881835938
2025-03-26,65.03826904296875
2025-03-27,66.08526611328125
2025-03-28,64.36589813232422
2025-03-31,64.21220397949219
2025-04-01,64.60603332519531
2025-04-02,64.05852508544922
2025-04-03,62.147037506103516
2025-04-04,55.46167755126953
2025-04-07,54.16494369506836
2025-04-08,54.21296310424805
2025-04-09,57.814998626708984
2025-04-10,55.81707763671875
2025-04-11,54.702842712402344
2025-04-14,55.78825759887695
2025-04-15,56.25892639160156
2025-04-16,55.240745544433594
2025-04-17,54.47231674194336
2025-04-21,52.9450569152832
2025-04-22,54.03046798706055
2025-04-23,56.278133392333984
2025-04-24,56.4798469543457
2025-04-25,55.90352249145508
2025-04-28,56.652748107910156
2025-04-29,57.3347282409668
2025-04-30,56.7872200012207
2025-05-01,56.80643081665039
2025-05-02,59.006072998046875
2025-05-05,58.746726989746094
2025-05-06,59.15975570678711
2025-05-07,59.17897415161133
2025-05-08,60.0146369934082
2025-05-09,61.743614196777344
2025-05-12,62.934688568115234
2025-05-13,62.396785736083984
2025-05-14,61.43623733520508
2025-05-15,62.166259765625
2025-05-16,62.1374397277832
2025-05-19,62.359458923339844
2025-05-20,62.031253814697266
2025-05-21,60.3226432800293
2025-05-22,59.859291076660156
2025-05-23,59.782066345214844
2025-05-27,61.43275451660156
2025-05-28,60.57362365722656
2025-05-29,61.442413330078125
2025-05-30,61.51963424682617
2025-06-02,61.82854080200195
2025-06-03,62.30154037475586
2025-06-04,61.30725860595703
2025-06-05,60.78599166870117
2025-06-06,61.68374252319336
2025-06-09,60.843910217285156
2025-06-10,59.34767150878906
2025-06-11,60.950096130371094
2025-06-12,61.62582015991211
2025-06-13,60.89217758178711
2025-06-16,61.4037971496582
2025-06-17,60.660499572753906
2025-06-18,61.09489440917969
2025-06-20,61.046630859375
2025-06-23,61.93471908569336
2025-06-24,62.880733489990234
2025-06-25,60.79564666748047
2025-06-26,62.0215950012207
2025-06-27,61.85749816894531
2025-06-30,62.30154037475586
2025-07-01,62.49460220336914
2025-07-02,60.67015075683594
2025-07-03,61.374839782714844
2025-07-07,60.88252639770508
2025-07-08,60.6798095703125
2025-07-09,60.17784118652344
2025-07-10,59.463504791259766
2025-07-11,58.95188903808594
2025-07-14,59.9558219909668
2025-07-15,58.27616500854492
2025-07-16,58.78779220581055
2025-07-17,59.86894226074219
2025-07-18,59.5890007019043
2025-07-21,59.0773811340332
2025-07-22,59.907554626464844
2025-07-23,60.004085540771484
2025-07-24,58.778133392333984
2025-07-25,58.29547882080078
2025-07-28,57.832122802734375
2025-07-29,58.1217155456543
2025-07-30,58.392005920410156
2025-07-31,59.453853607177734
2025-08-01,57.97692108154297
2025-08-04,58.79744338989258
2025-08-05,59.357330322265625
2025-08-06,46.74063491821289
2025-08-07,48.86432647705078
2025-08-08,48.52647399902344
2025-08-11,49.17323303222656
2025-08-12,50.45710372924805
2025-08-13,50.82392501831055
2025-08-14,52.2332878112793
2025-08-15,51.33554458618164
2025-08-18,51.325828552246094
2025-08-19,52.31641387939453
2025-08-20,52.2095832824707
2025-08-21,51.8599739074707
2025-08-22,52.07362747192383
2025-08-25,51.39381408691406
2025-08-26,51.64631652832031
2025-08-27,52.00564193725586
2025-08-28,51.83083724975586
2025-08-29,52.10276412963867
2025-09-02,52.80199432373047
2025-09-03,52.384395599365234
2025-09-04,52.607765197753906
2025-09-05,52.41353225708008
2025-09-08,51.879390716552734
2025-09-09,52.30670928955078
2025-09-10,51.432655334472656
2025-09-11,52.044490814208984
2025-09-12,51.86968231201172
2025-09-15,51.01505661010742
2025-09-16,51.05390548706055
2025-09-17,51.13159942626953
2025-09-18,51.30641174316406
2025-09-19,50.33525085449219
2025-09-22,50.33525085449219
2025-09-23,50.014766693115234
2025-09-24,50.286685943603516
2025-09-25,50.00505828857422
2025-09-26,50.364383697509766
2025-09-29,50.073036193847656
2025-09-30,50.063323974609375
2025-10-01,49.286399841308594
2025-10-02,48.94649124145508
2025-10-03,49.1795654296875
2025-10-06,48.674564361572266
2025-10-07,48.31523513793945
2025-10-08,48.38321304321289
2025-10-09,47.9073486328125
2025-10-10,46.62541580200195
2025-10-13,46.7225341796875
2025-10-14,48.91735076904297
2025-10-15,45.06184768676758
2025-10-16,45.98444747924805
2025-10-17,47.8199462890625
2025-10-20,48.072444915771484
2025-10-21,47.88792419433594
2025-10-22,47.26637649536133
2025-10-23,46.29521942138672
2025-10-24,46.392337799072266
2025-10-27,45.149253845214844
2025-10-28,44.7704963684082
2025-10-29,43.98386001586914
2025-10-30,43.69251251220703
2025-10-31,43.69251251220703
2025-11-03,42.342594146728516
2025-11-04,42.4882698059082
2025-11-05,41.40057373046875
2025-11-06,35.47649002075195
2025-11-07,35.95235824584961
2025-11-10,35.78726577758789
2025-11-11,36.321407318115234
2025-11-12,35.78726577758789
2025-11-13,36.806983947753906
2025-11-14,37.18573760986328
2025-11-17,35.71671676635742
2025-11-18,36.12804412841797
2025-11-19,35.91258239746094
2025-11-20,37.342430114746094
2025-11-21,38.184669494628906
2025-11-24,38.3609504699707
2025-11-25,39.732032775878906
2025-11-26,40.24129104614258
2025-11-28,39.87893295288086
2025-12-01,39.8299674987793
2025-12-02,39.48719787597656
2025-12-03,38.419708251953125
2025-12-04,38.52743911743164
2025-12-05,38.64495849609375
2025-12-08,38.14549255371094
2025-12-09,39.02690505981445
2025-12-10,39.49699020385742
2025-12-11,40.006248474121094
2025-12-12,40.407779693603516
2025-12-15,40.319637298583984
2025-12-16,40.03562927246094
2025-12-17,40.290260314941406
2025-12-18,39.63410186767578
2025-12-19,39.94749069213867
2025-12-22,40.03562927246094
2025-12-23,39.790794372558594
2025-12-24,40.13356399536133
2025-12-26,40.07480239868164
2025-12-29,40.094390869140625
2025-12-30,39.957279205322266
2025-12-31,39.70265579223633
2026-01-02,38.71351623535156
2026-01-05,38.93876266479492
2026-01-06,39.212982177734375
2026-01-07,39.03669738769531
2026-01-08,38.870208740234375
2026-01-09,38.93876266479492
2026-01-12,38.85062026977539
2026-01-13,37.49912643432617
2026-01-14,37.87127685546875
2026-01-15,37.81251907348633
2026-01-16,37.69499588012695
2026-01-20,37.71458053588867
2026-01-21,37.96921157836914
2026-01-22,37.998592376708984
2026-01-23,37.90066146850586
2026-01-26,37.70478820800781
2026-01-27,37.62643814086914
2026-01-28,37.5872688293457
2026-01-29,38.32177734375
2026-01-30,38.59599304199219
2026-02-02,38.17487716674805
2026-02-03,37.30325698852539
2026-02-04,37.70478820800781
2026-02-05,32.768890380859375
2026-02-06,33.532779693603516
2026-02-09,33.39567184448242
2026-02-10,31.828716278076172
2026-02-11,31.769956588745117
2026-02-12,31.711196899414062
2026-02-13,31.388011932373047
2026-02-17,31.991437911987305
2026-02-18,32.565185546875
2026-02-19,32.21895980834961
2026-02-20,31.97165298461914
2026-02-23,30.448251724243164
2026-02-24,30.913185119628906
2026-02-25,31.17038345336914
2026-02-26,32.12003707885742
2026-02-27,31.97165298461914
2026-03-02,32.12003707885742
2026-03-03,31.546287536621094
2026-03-04,31.932083129882812
2026-03-05,32.209068298339844
2026-03-06,31.43747329711914
2026-03-09,30.171268463134766
2026-03-10,29.191940307617188
2026-03-11,28.806142807006836
2026-03-12,28.825925827026367
2026-03-13,29.399675369262695
2026-03-16,29.429351806640625
2026-03-17,29.874502182006836
2026-03-18,29.330429077148438
2026-03-19,29.112802505493164
2026-03-20,29.369998931884766
2026-03-23,30.75490951538086
2026-03-24,30.557064056396484
2026-03-25,30.04267120361328
2026-03-26,30.834047317504883
2026-03-27,29.587627410888672
2026-03-30,29.825040817260742
2026-03-31,30.230621337890625
2026-04-01,29.706335067749023
2026-04-02,30.289976119995117
2026-04-06,30.962646484375
2026-04-07,31.43747329711914
2026-04-08,31.11103057861328
2026-04-09,31.664993286132812
2026-04-10,30.794477462768555
2026-04-13,31.744131088256836
2026-04-14,31.823266983032227
2026-04-15,32.14971160888672
2026-04-16,32.49593734741211
2026-04-17,32.79270935058594
2026-04-20,33.18839645385742
2026-04-21,32.565185546875
2026-04-22,32.169498443603516
2026-04-23,32.27831268310547
2026-04-24,32.46626281738281
2026-04-27,32.782814025878906
2026-04-28,33.25764083862305
2026-04-29,32.911415100097656
2026-04-30,33.32688522338867
2026-05-01,33.78192901611328
2026-05-04,33.18839645385742
2026-05-05,32.52561950683594
2026-05-06,32.41680145263672
2026-05-07,29.0831241607666
2026-05-08,29.963533401489258
2026-05-11,30.47792625427246
2026-05-12,30.48781967163086
2026-05-13,29.47881317138672
2026-05-14,29.825040817260742
2026-05-15,29.369998931884766
2026-05-18,30.170000076293945
2026-05-19,29.170000076293945
2026-05-20,29.5
2026-05-21,29.65999984741211
2026-05-22,29.709999084472656
2026-05-26,27.690000534057617
2026-05-27,26.149999618530273
2026-05-28,25.440000534057617
2026-05-29,24.670000076293945
2026-06-01,25.049999237060547
2026-06-02,24.25
2026-06-03,22.899999618530273
2026-06-04,23.760000228881836
2026-06-05,24.75
2026-06-08,24.3700008392334
2026-06-09,24.350000381469727
2026-06-10,24.719999313354492
2026-06-11,24.780000686645508
2026-06-12,25.020000457763672
2026-06-15,25.559999465942383
2026-06-16,25.93000030517578
2026-06-17,25.1299991607666
2026-06-18,25.030000686645508
2026-06-22,25.06999969482422
2026-06-23,26.219999313354492
2026-06-24,26.079999923706055
2026-06-25,25.399999618530273
2026-06-26,26.809999465942383
2026-06-29,27.309999465942383
2026-06-30,26.959999084472656
2026-07-01,28.260000228881836
2026-07-02,28.829999923706055
2026-07-06,28.799999237060547
2026-07-07,29.5
2026-07-08,29.18000030517578
2026-07-09,29.059999465942383
2026-07-10,29.43000030517578
2026-07-13,29.90999984741211
2026-07-14,28.639999389648438
2026-07-15,27.170000076293945
2026-07-16,28.200000762939453
2026-07-17,28.020000457763672
2026-07-20,28.3700008392334
2026-07-21,28.1200008392334
2026-07-22,27.459999084472656
2026-07-23,27.639999389648438
2026-07-24,28.809999465942383
2026-07-27,29.459999084472656
2026-07-28,30.920000076293945
2026-07-29,30.799999237060547
2026-07-30,29.110000610351562
2026-07-31,28.3799991607666
2026-08-03,29.219999313354492
