Date,Close
2010-03-11,459864637440.0
2010-03-12,469340553216.0
2010-03-15,486351372288.0
2010-03-16,446735450112.0
2010-03-17,446735450112.0
2010-03-18,446735450112.0
2010-03-19,466029707264.0
2010-03-22,427783651328.0
2010-03-23,407347855360.0
2010-03-24,417965375488.0
2010-03-25,423445397504.0
2010-03-26,431665414144.0
2010-03-29,417965375488.0
2010-03-30,415910428672.0
2010-03-31,416823672832.0
2010-04-01,418878750720.0
2010-04-05,379148664832.0
2010-04-06,385313603584.0
2010-04-07,377892732928.0
2010-04-08,397529546752.0
2010-04-09,392734507008.0
2010-04-12,373782773760.0
2010-04-13,366590197760.0
2010-04-14,319096815616.0
2010-04-15,316014297088.0
2010-04-16,327544995840.0
2010-04-19,338733465600.0
2010-04-20,323663527936.0
2010-04-21,335308521472.0
2010-04-22,312246697984.0
2010-04-23,310648438784.0
2010-04-26,311675846656.0
2010-04-27,342500999168.0
2010-04-28,342615130112.0
2010-04-29,323320905728.0
2010-04-30,367731900416.0
2010-05-03,339304218624.0
2010-05-04,383943671808.0
2010-05-05,396387713024.0
2010-05-06,422874546176.0
2010-05-07,451416260608.0
2010-05-10,374467756032.0
2010-05-11,381888626688.0
2010-05-12,348095184896.0
2010-05-13,376865259520.0
2010-05-14,411115388928.0
2010-05-17,392277753856.0
2010-05-18,426071261184.0
2010-05-19,420134486016.0
2010-05-20,454613073920.0
2010-05-21,422874546176.0
2010-05-24,445822042112.0
2010-05-25,436688814080.0
2010-05-26,438743760896.0
2010-05-27,371956088832.0
2010-05-28,389309497344.0
2010-06-01,415339511808.0
2010-06-02,371042713600.0
2010-06-03,357342740480.0
2010-06-04,404036943872.0
2010-06-07,447991218176.0
2010-06-08,453014585344.0
2010-06-09,462947188736.0
2010-06-10,410772897792.0
2010-06-11,393191227392.0
2010-06-14,384971079680.0
2010-06-15,321608450048.0
2010-06-16,316813443072.0
2010-06-17,318982553600.0
2010-06-18,321265991680.0
2010-06-21,329143418880.0
2010-06-22,346725154816.0
2010-06-23,343071817728.0
2010-06-24,374125232128.0
2010-06-25,373440282624.0
2010-06-28,367617802240.0
2010-06-29,416823672832.0
2010-06-30,437373829120.0
2010-07-01,435204587520.0
2010-07-02,440570413056.0
2010-07-06,441255428096.0
2010-07-07,373782773760.0
2010-07-08,374125232128.0
2010-07-09,361110241280.0
2010-07-12,349350985728.0
2010-07-13,328230076416.0
2010-07-14,329714270208.0
2010-07-15,331997642752.0
2010-07-16,363964366848.0
2010-07-19,337591795712.0
2010-07-20,335993438208.0
2010-07-21,356086808576.0
2010-07-22,321722580992.0
2010-07-23,316927606784.0
2010-07-26,304140845056.0
2010-07-27,311561748480.0
2010-07-28,327659356160.0
2010-07-29,346610991104.0
2010-07-30,357342740480.0
2010-08-02,339532709888.0
2010-08-03,349465149440.0
2010-08-04,339190120448.0
2010-08-05,345126830080.0
2010-08-06,347181875200.0
2010-08-09,340560117760.0
2010-08-10,366476001280.0
2010-08-11,411914502144.0
2010-08-12,427441192960.0
2010-08-13,439771267072.0
2010-08-16,433948688384.0
2010-08-17,417737048064.0
2010-08-18,403352027136.0
2010-08-19,423787888640.0
2010-08-20,418992816128.0
2010-08-23,433948688384.0
2010-08-24,455183728640.0
2010-08-25,441826279424.0
2010-08-26,467628097536.0
2010-08-27,438857924608.0
2010-08-30,473793003520.0
2010-08-31,500622327808.0
2010-09-01,455412121600.0
2010-09-02,426527850496.0
2010-09-03,403808649216.0
2010-09-07,427669520384.0
2010-09-08,433948688384.0
2010-09-09,432578789376.0
2010-09-10,450046230528.0
2010-09-13,405749465088.0
2010-09-14,384400261120.0
2010-09-15,388510285824.0
2010-09-16,378692009984.0
2010-09-17,378121125888.0
2010-09-20,373097725952.0
2010-09-21,374810247168.0
2010-09-22,390565396480.0
2010-09-23,383258624000.0
2010-09-24,336792649728.0
2010-09-27,343071817728.0
2010-09-28,326175096832.0
2010-09-29,320580911104.0
2010-09-30,326403522560.0
2010-10-01,329942630400.0
2010-10-04,343985160192.0
2010-10-05,323549265920.0
2010-10-06,336107569152.0
2010-10-07,331769315328.0
2010-10-08,322864218112.0
2010-10-11,314872528896.0
2010-10-12,308479197184.0
2010-10-13,306995036160.0
2010-10-14,309506736128.0
2010-10-15,303912484864.0
2010-10-18,309506736128.0
2010-10-19,322179334144.0
2010-10-20,317041737728.0
2010-10-21,321265991680.0
2010-10-22,302884978688.0
2010-10-25,292381687808.0
2010-10-26,296035057664.0
2010-10-27,268634947584.0
2010-10-28,268292374528.0
2010-10-29,263040712704.0
2010-11-01,265780789248.0
2010-11-02,260757422080.0
2010-11-03,252194881536.0
2010-11-04,228676517888.0
2010-11-05,224452313088.0
2010-11-08,224452313088.0
2010-11-09,231416496128.0
2010-11-10,231530659840.0
2010-11-11,239522414592.0
2010-11-12,239979069440.0
2010-11-15,245230682112.0
2010-11-16,255962382336.0
2010-11-17,256419037184.0
2010-11-18,242033950720.0
2010-11-19,229932318720.0
2010-11-22,221598138368.0
2010-11-23,226849832960.0
2010-11-24,209382277120.0
2010-11-26,212921401344.0
2010-11-29,214405611520.0
2010-11-30,221940629504.0
2010-12-01,200819736576.0
2010-12-02,188946366464.0
2010-12-03,186891386880.0
2010-12-06,187462205440.0
2010-12-07,187005517824.0
2010-12-08,182667214848.0
2010-12-09,181525528576.0
2010-12-10,180726349824.0
2010-12-13,185293062144.0
2010-12-14,189030645760.0
2010-12-15,194881880064.0
2010-12-16,191418892288.0
2010-12-17,187478310912.0
2010-12-20,189269475328.0
2010-12-21,185448284160.0
2010-12-22,185090015232.0
2010-12-23,187000619008.0
2010-12-27,185925910528.0
2010-12-28,188075343872.0
2010-12-29,187478310912.0
2010-12-30,185925910528.0
2010-12-31,186642399232.0
2011-01-03,182701735936.0
2011-01-04,181746450432.0
2011-01-05,179597033472.0
2011-01-06,169566355456.0
2011-01-07,168491679744.0
2011-01-10,163237445632.0
2011-01-11,161565704192.0
2011-01-12,152370888704.0
2011-01-13,151535026176.0
2011-01-14,140190793728.0
2011-01-18,141504315392.0
2011-01-19,151057350656.0
2011-01-20,156311535616.0
2011-01-21,159893913600.0
2011-01-24,147355533312.0
2011-01-25,151176773632.0
2011-01-26,146997297152.0
2011-01-27,138518970368.0
2011-01-28,149982625792.0
2011-01-31,148191412224.0
2011-02-01,137086066688.0
2011-02-02,135056048128.0
2011-02-03,134578356224.0
2011-02-04,126458298368.0
2011-02-07,127771852800.0
2011-02-08,128249470976.0
2011-02-09,130637717504.0
2011-02-10,129443627008.0
2011-02-11,126338875392.0
2011-02-14,123472953344.0
2011-02-15,127055314944.0
2011-02-16,122995302400.0
2011-02-17,117621735424.0
2011-02-18,118577037312.0
2011-02-22,132428914688.0
2011-02-23,139832541184.0
2011-02-24,132882702336.0
2011-02-25,122493771776.0
2011-02-28,126601568256.0
2011-03-01,133933563904.0
2011-03-02,128297263104.0
2011-03-03,120893644800.0
2011-03-04,124571574272.0
2011-03-07,134960480256.0
2011-03-08,134148505600.0
2011-03-09,146209177600.0
2011-03-10,157099655168.0
2011-03-11,152944082944.0
2011-03-14,153517277184.0
2011-03-15,158866948096.0
2011-03-16,169351364608.0
2011-03-17,162879209472.0
2011-03-18,161900036096.0
2011-03-21,152729124864.0
2011-03-22,156583297024.0
2011-03-23,152257888256.0
2011-03-24,141118259200.0
2011-03-25,141843234816.0
2011-03-28,141214990336.0
2011-03-29,137372835840.0
2011-03-30,137179504640.0
2011-03-31,140393349120.0
2011-04-01,145226186752.0
2011-04-04,149019951104.0
2011-04-05,138508566528.0
2011-04-06,132322541568.0
2011-04-07,134497304576.0
2011-04-08,137566158848.0
2011-04-11,141045776384.0
2011-04-12,149889826816.0
2011-04-13,148705804288.0
2011-04-14,148125892608.0
2011-04-15,145322835968.0
2011-04-18,153103695872.0
2011-04-19,151218847744.0
2011-04-20,131863412736.0
2011-04-21,132105084928.0
2011-04-25,131694297088.0
2011-04-26,125580804096.0
2011-04-27,125604921344.0
2011-04-28,127658885120.0
2011-04-29,125991583744.0
2011-05-02,129712857088.0
2011-05-03,134642302976.0
2011-05-04,134231482368.0
2011-05-05,133506588672.0
2011-05-06,130558607360.0
2011-05-09,131525165056.0
2011-05-10,129809506304.0
2011-05-11,132709171200.0
2011-05-12,127272255488.0
2011-05-13,132153409536.0
2011-05-16,137686990848.0
2011-05-17,142568144896.0
2011-05-18,134738968576.0
2011-05-19,137880289280.0
2011-05-20,139040178176.0
2011-05-23,147811762176.0
2011-05-24,151098064896.0
2011-05-25,146966003712.0
2011-05-26,142809776128.0
2011-05-27,137638658048.0
2011-05-31,131621789696.0
2011-06-01,143293071360.0
2011-06-02,143341404160.0
2011-06-03,150928883712.0
2011-06-06,154384400384.0
2011-06-07,152064589824.0
2011-06-08,161271169024.0
2011-06-09,160642875392.0
2011-06-10,168592818176.0
2011-06-13,173256540160.0
2011-06-14,163494232064.0
2011-06-15,172918226944.0
2011-06-16,179152601088.0
2011-06-17,186981744640.0
2011-06-20,186015170560.0
2011-06-21,172120801280.0
2011-06-22,174537211904.0
2011-06-23,166563053568.0
2011-06-24,178910887936.0
2011-06-27,175213821952.0
2011-06-28,168302870528.0
2011-06-29,167722975232.0
2011-06-30,155326775296.0
2011-07-01,145371136000.0
2011-07-05,149237399552.0
2011-07-06,152644550656.0
2011-07-07,143389704192.0
2011-07-08,149503197184.0
2011-07-11,157477371904.0
2011-07-12,171057610752.0
2011-07-13,172314148864.0
2011-07-14,180264108032.0
2011-07-15,177050271744.0
2011-07-18,184347836416.0
2011-07-19,166587236352.0
2011-07-20,169148628992.0
2011-07-21,164315807744.0
2011-07-22,152765382656.0
2011-07-25,158202298368.0
2011-07-26,154481016832.0
2011-07-27,171420041216.0
2011-07-28,172241682432.0
2011-07-29,176929456128.0
2011-08-01,177001971712.0
2011-08-02,192974438400.0
2011-08-03,186135969792.0
2011-08-04,218709164032.0
2011-08-05,231177846784.0
2011-08-08,268390645760.0
2011-08-09,230815383552.0
2011-08-10,246352871424.0
2011-08-11,208149446656.0
2011-08-12,210300059648.0
2011-08-15,197928058880.0
2011-08-16,209333518336.0
2011-08-17,213272215552.0
2011-08-18,250654162944.0
2011-08-19,264838381568.0
2011-08-22,258338291712.0
2011-08-23,218080903168.0
2011-08-24,217742639104.0
2011-08-25,235140743168.0
2011-08-26,216026955776.0
2011-08-29,192152846336.0
2011-08-30,192056180736.0
2011-08-31,196019093504.0
2011-09-01,205708869632.0
2011-09-02,219796570112.0
2011-09-06,224315244544.0
2011-09-07,194738454528.0
2011-09-08,198121373696.0
2011-09-09,204186566656.0
2011-09-12,185701056512.0
2011-09-13,174513061888.0
2011-09-14,161101955072.0
2011-09-15,154118537216.0
2011-09-16,153127796736.0
2011-09-19,158226432000.0
2011-09-20,163784196096.0
2011-09-21,173981466624.0
2011-09-22,191379587072.0
2011-09-23,179780845568.0
2011-09-26,180602421248.0
2011-09-27,170670997504.0
2011-09-28,186087636992.0
2011-09-29,193119420416.0
2011-09-30,212112408576.0
2011-10-03,235865702400.0
2011-10-04,205829701632.0
2011-10-05,186933395456.0
2011-10-06,180239974400.0
2011-10-07,177412751360.0
2011-10-10,162841853952.0
2011-10-11,164315807744.0
2011-10-12,158758060032.0
2011-10-13,149406597120.0
2011-10-14,144501293056.0
2011-10-17,156559097856.0
2011-10-18,145806114816.0
2011-10-19,155399258112.0
2011-10-20,163325083648.0
2011-10-21,152451268608.0
2011-10-24,136647958528.0
2011-10-25,144718757888.0
2011-10-26,142447296512.0
2011-10-27,124082610176.0
2011-10-28,123188518912.0
2011-10-31,132274233344.0
2011-11-01,144936222720.0
2011-11-02,142954725376.0
2011-11-03,129857822720.0
2011-11-04,125290807296.0
2011-11-07,125798260736.0
2011-11-08,123599290368.0
2011-11-09,140683329536.0
2011-11-10,136768749568.0
2011-11-11,122656907264.0
2011-11-14,127199748096.0
2011-11-15,121811181568.0
2011-11-16,123816812544.0
2011-11-17,137396994048.0
2011-11-18,141384089600.0
2011-11-21,149358231552.0
2011-11-22,154819362816.0
2011-11-23,169728589824.0
2011-11-25,175866232832.0
2011-11-28,159168839680.0
2011-11-29,161778581504.0
2011-11-30,134062399488.0
2011-12-01,131815071744.0
2011-12-02,132177551360.0
2011-12-05,128770473984.0
2011-12-06,129108738048.0
2011-12-07,124976660480.0
2011-12-08,135343046656.0
2011-12-09,130389401600.0
2011-12-12,141094092800.0
2011-12-13,151146381312.0
2011-12-14,158105632768.0
2011-12-15,158709743616.0
2011-12-16,154891845632.0
2011-12-19,167553777664.0
2011-12-20,145733632000.0
2011-12-21,150421438464.0
2011-12-22,134883942400.0
2011-12-23,133216591872.0
2011-12-27,133409931264.0
2011-12-28,139305975808.0
2011-12-29,135802183680.0
2011-12-30,137590341632.0
2012-01-03,132225892352.0
2012-01-04,131887603712.0
2012-01-05,126523187200.0
2012-01-06,125387464704.0
2012-01-09,117969117184.0
2012-01-10,114513633280.0
2012-01-11,113184604160.0
2012-01-12,109874126848.0
2012-01-13,116084277248.0
2012-01-17,114972753920.0
2012-01-18,98106187776.0
2012-01-19,92306808832.0
2012-01-20,90881155072.0
2012-01-23,91388583936.0
2012-01-24,90663649280.0
2012-01-25,89382977536.0
2012-01-26,92258492416.0
2012-01-27,90977804288.0
2012-01-30,93925834752.0
2012-01-31,93974142976.0
2012-02-01,87329030144.0
2012-02-02,85758353408.0
2012-02-03,81722949632.0
2012-02-06,84525998080.0
2012-02-07,84525998080.0
2012-02-08,81239654400.0
2012-02-09,80563068928.0
2012-02-10,85275074560.0
2012-02-13,84550131712.0
2012-02-14,83390283776.0
2012-02-15,82206220288.0
2012-02-16,76310208512.0
2012-02-17,77905035264.0
2012-02-21,80998006784.0
2012-02-22,82109579264.0
2012-02-23,81771274240.0
2012-02-24,82230386688.0
2012-02-27,81964589056.0
2012-02-28,78291648512.0
2012-02-29,81698799616.0
2012-03-01,81457176576.0
2012-03-02,84066861056.0
2012-03-05,90373693440.0
2012-03-06,92741779456.0
2012-03-07,88609726464.0
2012-03-08,84791787520.0
2012-03-09,82012930048.0
2012-03-12,84187684864.0
2012-03-13,78581628928.0
2012-03-14,79161556992.0
2012-03-15,74860347392.0
2012-03-16,74522058752.0
2012-03-19,72878874624.0
2012-03-20,74256261120.0
2012-03-21,73483001856.0
2012-03-22,74691182592.0
2012-03-23,74159595520.0
2012-03-26,71114907648.0
2012-03-27,71042416640.0
2012-03-28,73676300288.0
2012-03-29,73410494464.0
2012-03-30,72371437568.0
2012-04-02,72540602368.0
2012-04-03,75971878912.0
2012-04-04,81070514176.0
2012-04-05,80538935296.0
2012-04-09,83801071616.0
2012-04-10,88078114816.0
2012-04-11,83970203648.0
2012-04-12,79306539008.0
2012-04-13,83414450176.0
2012-04-16,83438592000.0
2012-04-17,79572344832.0
2012-04-18,81650466816.0
2012-04-19,84163534848.0
2012-04-20,89938739200.0
2012-04-23,93370040320.0
2012-04-24,95399821312.0
2012-04-25,88996356096.0
2012-04-26,82810331136.0
2012-04-27,82665349120.0
2012-04-30,84042719232.0
2012-05-01,83148636160.0
2012-05-02,82061246464.0
2012-05-03,87957266432.0
2012-05-04,93539180544.0
2012-05-07,93877485568.0
2012-05-08,95665643520.0
2012-05-09,96680534016.0
2012-05-10,97502117888.0
2012-05-11,95520645120.0
2012-05-14,98710306816.0
2012-05-15,101561655296.0
2012-05-16,106732773376.0
2012-05-17,113377894400.0
2012-05-18,120047190016.0
2012-05-21,110647361536.0
2012-05-22,113281261568.0
2012-05-23,111855575040.0
2012-05-24,116398407680.0
2012-05-25,111976382464.0
2012-05-29,105065472000.0
2012-05-30,111009849344.0
2012-05-31,114344460288.0
2012-06-01,128673775616.0
2012-06-04,129181237248.0
2012-06-05,120385503232.0
2012-06-06,108593405952.0
2012-06-07,113039622144.0
2012-06-08,108061810688.0
2012-06-11,114054496256.0
2012-06-12,106684448768.0
2012-06-13,110019100672.0
2012-06-14,110526537728.0
2012-06-15,104992964608.0
2012-06-18,100522614784.0
2012-06-19,97067147264.0
2012-06-20,94239948800.0
2012-06-21,105548726272.0
2012-06-22,100619247616.0
2012-06-25,110840692736.0
2012-06-26,109584130048.0
2012-06-27,105234653184.0
2012-06-28,107216052224.0
2012-06-29,93756661760.0
2012-07-02,93901651968.0
2012-07-03,89866256384.0
2012-07-05,92065185792.0
2012-07-06,98879463424.0
2012-07-09,102697377792.0
2012-07-10,109753311232.0
2012-07-11,112604651520.0
2012-07-12,118210723840.0
2012-07-13,114996903936.0
2012-07-16,118549028864.0
2012-07-17,120482144256.0
2012-07-18,107989319680.0
2012-07-19,100909260800.0
2012-07-20,106128687104.0
2012-07-23,109100859392.0
2012-07-24,110405705728.0
2012-07-25,104171388928.0
2012-07-26,97260478464.0
2012-07-27,89938739200.0
2012-07-30,92500140032.0
2012-07-31,90277044224.0
2012-08-01,89745391616.0
2012-08-02,91847688192.0
2012-08-03,84912586752.0
2012-08-06,84139376640.0
2012-08-07,79209889792.0
2012-08-08,78412455936.0
2012-08-09,76817653760.0
2012-08-10,75585282048.0
2012-08-13,77252567040.0
2012-08-14,79137390592.0
2012-08-15,78025850880.0
2012-08-16,73917956096.0
2012-08-17,75536941056.0
2012-08-20,76962643968.0
2012-08-21,76962643968.0
2012-08-22,78605787136.0
2012-08-23,80079790080.0
2012-08-24,78726602752.0
2012-08-27,79451529216.0
2012-08-28,79741485056.0
2012-08-29,79693168640.0
2012-08-30,83801071616.0
2012-08-31,79862317056.0
2012-09-04,82182070272.0
2012-09-05,83728572416.0
2012-09-06,74667040768.0
2012-09-07,76358533120.0
2012-09-10,80345604096.0
2012-09-11,78654078976.0
2012-09-12,78050017280.0
2012-09-13,76044394496.0
2012-09-14,73193029632.0
2012-09-17,75198668800.0
2012-09-18,76044394496.0
2012-09-19,77276766208.0
2012-09-20,79475695616.0
2012-09-21,79282388992.0
2012-09-24,83196968960.0
2012-09-25,89117163520.0
2012-09-26,90881155072.0
2012-09-27,84840112128.0
2012-09-28,86990733312.0
2012-10-01,87788158976.0
2012-10-02,86459113472.0
2012-10-03,87667302400.0
2012-10-04,85927501824.0
2012-10-05,86144958464.0
2012-10-08,88730525696.0
2012-10-09,93104242688.0
2012-10-10,96922173440.0
2012-10-11,96245563392.0
2012-10-12,97888731136.0
2012-10-15,93660012544.0
2012-10-16,87425662976.0
2012-10-17,87739801600.0
2012-10-18,90301210624.0
2012-10-19,98130362368.0
2012-10-22,97840414720.0
2012-10-23,97067147264.0
2012-10-24,101489180672.0
2012-10-25,97671258112.0
2012-10-26,96076423168.0
2012-10-31,96245563392.0
2012-11-01,86676594688.0
2012-11-02,91267760128.0
2012-11-05,86700752896.0
2012-11-06,83269435392.0
2012-11-07,89237987328.0
2012-11-08,92983402496.0
2012-11-09,91968528384.0
2012-11-12,91920211968.0
2012-11-13,94022483968.0
2012-11-14,98371985408.0
2012-11-15,102214107136.0
2012-11-16,102310756352.0
2012-11-19,96293904384.0
2012-11-20,97236295680.0
2012-11-21,96487219200.0
2012-11-23,91461091328.0
2012-11-26,90349527040.0
2012-11-27,90953621504.0
2012-11-28,88053956608.0
2012-11-29,86966534144.0
2012-11-30,87329030144.0
2012-12-03,88537219072.0
2012-12-04,86507438080.0
2012-12-05,87135715328.0
2012-12-06,84332666880.0
2012-12-07,83269435392.0
2012-12-10,82133729280.0
2012-12-11,77445922816.0
2012-12-12,78098341888.0
2012-12-13,80273113088.0
2012-12-14,82061246464.0
2012-12-17,81167155200.0
2012-12-18,77276766208.0
2012-12-19,76503506944.0
2012-12-20,76720996352.0
2012-12-21,79064915968.0
2012-12-24,79813984256.0
2012-12-26,81916256256.0
2012-12-27,82882846720.0
2012-12-28,84525998080.0
2012-12-31,79765659648.0
2013-01-02,70365831168.0
2013-01-03,70969917440.0
2013-01-04,71308222464.0
2013-01-07,72226463744.0
2013-01-08,74401218560.0
2013-01-09,72298946560.0
2013-01-10,69302616064.0
2013-01-11,68118568960.0
2013-01-14,68698497024.0
2013-01-15,69447598080.0
2013-01-16,67200323584.0
2013-01-17,63116591104.0
2013-01-18,63938195456.0
2013-01-22,64590618624.0
2013-01-23,62705815552.0
2013-01-24,64445620224.0
2013-01-25,61884235776.0
2013-01-28,61497610240.0
2013-01-29,62512492544.0
2013-01-30,62464163840.0
2013-01-31,62923296768.0
2013-02-01,59226173440.0
2013-02-04,62077550592.0
2013-02-05,58839568384.0
2013-02-06,58525429760.0
2013-02-07,59564482560.0
2013-02-08,57293058048.0
2013-02-11,56833937408.0
2013-02-12,56495640576.0
2013-02-13,55891533824.0
2013-02-14,54393372672.0
2013-02-15,55384104960.0
2013-02-19,53402636288.0
2013-02-20,56954757120.0
2013-02-21,59951108096.0
2013-02-22,56471478272.0
2013-02-25,59419492352.0
2013-02-26,57993814016.0
2013-02-27,55359934464.0
2013-02-28,54175891456.0
2013-03-01,55867379712.0
2013-03-04,56205668352.0
2013-03-05,53160996864.0
2013-03-06,52774363136.0
2013-03-07,52049453056.0
2013-03-08,51952795648.0
2013-03-11,51783651328.0
2013-03-12,51058720768.0
2013-03-13,50478776320.0
2013-03-14,49657204736.0
2013-03-15,52073611264.0
2013-03-18,54127558656.0
2013-03-19,54804148224.0
2013-03-20,52822691840.0
2013-03-21,54949142528.0
2013-03-22,53402636288.0
2013-03-25,53740937216.0
2013-03-26,52363575296.0
2013-03-27,52121944064.0
2013-03-28,50937892864.0
2013-04-01,53861765120.0
2013-04-02,55384104960.0
2013-04-03,58597924864.0
2013-04-04,56423153664.0
2013-04-05,57172230144.0
2013-04-08,55239114752.0
2013-04-09,53765107712.0
2013-04-10,50261307392.0
2013-04-11,50696265728.0
2013-04-12,51348688896.0
2013-04-15,55094124544.0
2013-04-16,51638665216.0
2013-04-17,56592302080.0
2013-04-18,58090467328.0
2013-04-19,57003081728.0
2013-04-22,55190781952.0
2013-04-23,51638665216.0
2013-04-24,49778024448.0
2013-04-25,48352337920.0
2013-04-26,49633046528.0
2013-04-29,47772397568.0
2013-04-30,46709194752.0
2013-05-01,47772397568.0
2013-05-02,45887602688.0
2013-05-03,44437762048.0
2013-05-06,43616186368.0
2013-05-07,43543691264.0
2013-05-08,41876365312.0
2013-05-09,41175601152.0
2013-05-10,40112402432.0
2013-05-13,41223938048.0
2013-05-14,40644001792.0
2013-05-15,39435792384.0
2013-05-16,40305696768.0
2013-05-17,38662545408.0
2013-05-20,38976688128.0
2013-05-21,39000846336.0
2013-05-22,40933974016.0
2013-05-23,40764825600.0
2013-05-24,40885637120.0
2013-05-28,39725764608.0
2013-05-29,39218323456.0
2013-05-30,37502664704.0
2013-05-31,38759198720.0
2013-06-03,38445064192.0
2013-06-04,38010118144.0
2013-06-05,39677435904.0
2013-06-06,40064057344.0
2013-06-07,38058446848.0
2013-06-10,37454336000.0
2013-06-11,39991574528.0
2013-06-12,41320591360.0
2013-06-13,38831693824.0
2013-06-14,39194148864.0
2013-06-17,37502664704.0
2013-06-18,35714531328.0
2013-06-19,36826075136.0
2013-06-20,40426524672.0
2013-06-21,40112402432.0
2013-06-24,42480476160.0
2013-06-25,39459954688.0
2013-06-26,38759198720.0
2013-06-27,38396739584.0
2013-06-28,37913452544.0
2013-07-01,38155104256.0
2013-07-02,37937614848.0
2013-07-03,37309349888.0
2013-07-05,35738681344.0
2013-07-08,37937614848.0
2013-07-09,36753571840.0
2013-07-10,35497041920.0
2013-07-11,33322274816.0
2013-07-12,32694013952.0
2013-07-15,32694013952.0
2013-07-16,32379885568.0
2013-07-17,32283232256.0
2013-07-18,33128960000.0
2013-07-19,33322274816.0
2013-07-22,33515599872.0
2013-07-23,33878063104.0
2013-07-24,35738681344.0
2013-07-25,35134590976.0
2013-07-26,35980324864.0
2013-07-29,36777742336.0
2013-07-30,35327905792.0
2013-07-31,34868785152.0
2013-08-01,32911491072.0
2013-08-02,33684742144.0
2013-08-05,33781385216.0
2013-08-06,34482155520.0
2013-08-07,35545378816.0
2013-08-08,35497041920.0
2013-08-09,35980324864.0
2013-08-12,35593703424.0
2013-08-13,34288844800.0
2013-08-14,35859496960.0
2013-08-15,38300073984.0
2013-08-16,37913452544.0
2013-08-19,38686711808.0
2013-08-20,37949698048.0
2013-08-21,38735040512.0
2013-08-22,37412057088.0
2013-08-23,37478506496.0
2013-08-26,37677854720.0
2013-08-27,40517136384.0
2013-08-28,39109574656.0
2013-08-29,37635567616.0
2013-08-30,38632337408.0
2013-09-03,37683896320.0
2013-09-04,34977517568.0
2013-09-05,34035122176.0
2013-09-06,34373414912.0
2013-09-09,33002110976.0
2013-09-10,31141466112.0
2013-09-11,31407271936.0
2013-09-12,31969097728.0
2013-09-13,31522062336.0
2013-09-16,31153557504.0
2013-09-17,30537367552.0
2013-09-18,29733914624.0
2013-09-19,29993674752.0
2013-09-20,30507161600.0
2013-09-23,30857547776.0
2013-09-24,30199074816.0
2013-09-25,30186987520.0
2013-09-26,30217195520.0
2013-09-27,30930042880.0
2013-09-30,30881708032.0
2013-10-01,29999714304.0
2013-10-02,30114494464.0
2013-10-03,30350102528.0
2013-10-04,29643294720.0
2013-10-07,30072213504.0
2013-10-08,31576428544.0
2013-10-09,31938881536.0
2013-10-10,29739954176.0
2013-10-11,29534556160.0
2013-10-14,28864004096.0
2013-10-15,29588930560.0
2013-10-16,28700893184.0
2013-10-17,28139077632.0
2013-10-18,27891398656.0
2013-10-21,27637676032.0
2013-10-22,27782664192.0
2013-10-23,30555490304.0
2013-10-24,29860767744.0
2013-10-25,29462061056.0
2013-10-28,28845883392.0
2013-10-29,27486656512.0
2013-10-30,27939733504.0
2013-10-31,27468531712.0
2013-11-01,27734335488.0
2013-11-04,27806824448.0
2013-11-05,28024299520.0
2013-11-06,27740375040.0
2013-11-07,29298962432.0
2013-11-08,28338436096.0
2013-11-11,28386768896.0
2013-11-12,27861192704.0
2013-11-13,27130228736.0
2013-11-14,27462488064.0
2013-11-15,26949001216.0
2013-11-18,27619557376.0
2013-11-19,28592162816.0
2013-11-20,28966701056.0
2013-11-21,27432280064.0
2013-11-22,27396032512.0
2013-11-25,27486656512.0
2013-11-26,26773813248.0
2013-11-27,26471763968.0
2013-11-29,26447593472.0
2013-12-02,26562373632.0
2013-12-03,26314688512.0
2013-12-04,26628829184.0
2013-12-05,26459682816.0
2013-12-06,25571647488.0
2013-12-09,25384374272.0
2013-12-10,25577689088.0
2013-12-11,26350936064.0
2013-12-12,26985248768.0
2013-12-13,27124189184.0
2013-12-16,26030759936.0
2013-12-17,25293762560.0
2013-12-18,24659456000.0
2013-12-19,25094410240.0
2013-12-20,24466139136.0
2013-12-23,23837868032.0
2013-12-24,23614353408.0
2013-12-26,23384795136.0
2013-12-27,23360628736.0
2013-12-30,23191486464.0
2013-12-31,22665912320.0
2014-01-02,23644561408.0
2014-01-03,23771418624.0
2014-01-06,24194295808.0
2014-01-07,23704971264.0
2014-01-08,22557177856.0
2014-01-09,23070664704.0
2014-01-10,22792775680.0
2014-01-13,23590191104.0
2014-01-14,21977241600.0
2014-01-15,21445627904.0
2014-01-16,21759758336.0
2014-01-17,22164510720.0
2014-01-21,21717477376.0
2014-01-22,21016715264.0
2014-01-23,21687269376.0
2014-01-24,23197532160.0
2014-01-27,23638523904.0
2014-01-28,23384795136.0
2014-01-29,23632478208.0
2014-01-30,22738405376.0
2014-01-31,23088789504.0
2014-02-03,24599044096.0
2014-02-04,24478222336.0
2014-02-05,24363438080.0
2014-02-06,23239811072.0
2014-02-07,22085976064.0
2014-02-10,21729554432.0
2014-02-11,20895897600.0
2014-02-12,20346165248.0
2014-02-13,19627280384.0
2014-02-14,19270862848.0
2014-02-18,19125876736.0
2014-02-19,19143997440.0
2014-02-20,18769459200.0
2014-02-21,18980892672.0
2014-02-24,18775500800.0
2014-02-25,19029223424.0
2014-02-26,18660716544.0
2014-02-27,18642597888.0
2014-02-28,18684878848.0
2014-03-03,19065466880.0
2014-03-04,18026414080.0
2014-03-05,17947881472.0
2014-03-06,17555208192.0
2014-03-07,17615622144.0
2014-03-10,17718317056.0
2014-03-11,18002249728.0
2014-03-12,17537089536.0
2014-03-13,18419075072.0
2014-03-14,18690924544.0
2014-03-17,17990162432.0
2014-03-18,17241077760.0
2014-03-19,17283364864.0
2014-03-20,16298675200.0
2014-03-21,16757799936.0
2014-03-24,16951108608.0
2014-03-25,16594686976.0
2014-03-26,17132341248.0
2014-03-27,17512921088.0
2014-03-28,17138377728.0
2014-03-31,16298675200.0
2014-04-01,15549592576.0
2014-04-02,15616040960.0
2014-04-03,15531467776.0
2014-04-04,16842371072.0
2014-04-07,17313570816.0
2014-04-08,16624893952.0
2014-04-09,16087245824.0
2014-04-10,17591457792.0
2014-04-11,18413037568.0
2014-04-14,17959958528.0
2014-04-15,17615622144.0
2014-04-16,17706229760.0
2014-04-17,16709467136.0
2014-04-21,16250350592.0
2014-04-22,15742904320.0
2014-04-23,15851642880.0
2014-04-24,15465021440.0
2014-04-25,17120256000.0
2014-04-28,17404188672.0
2014-04-29,17017561088.0
2014-04-30,16763835392.0
2014-05-01,16926942208.0
2014-05-02,16775915520.0
2014-05-05,16673223680.0
2014-05-06,16884658176.0
2014-05-07,16860492800.0
2014-05-08,16546359296.0
2014-05-09,16661137408.0
2014-05-12,15748947968.0
2014-05-13,16111405056.0
2014-05-14,16510112768.0
2014-05-15,17096093696.0
2014-05-16,16570523648.0
2014-05-19,16051001344.0
2014-05-20,16268470272.0
2014-05-21,16014747648.0
2014-05-22,15797272576.0
2014-05-23,15350238208.0
2014-05-27,14752175104.0
2014-05-28,14715928576.0
2014-05-29,14643438592.0
2014-05-30,14462209024.0
2014-06-02,14335348736.0
2014-06-03,13900392448.0
2014-06-04,13743328256.0
2014-06-05,13411070976.0
2014-06-06,13314414592.0
2014-06-09,13241921536.0
2014-06-10,13145267200.0
2014-06-11,12831132672.0
2014-06-12,13042567168.0
2014-06-13,12668025856.0
2014-06-16,12450546688.0
2014-06-17,12154536960.0
2014-06-18,12184742912.0
2014-06-19,12184742912.0
2014-06-20,12178701312.0
2014-06-23,12311604224.0
2014-06-24,12577405952.0
2014-06-25,12432424960.0
2014-06-26,12595531776.0
2014-06-27,12510958592.0
2014-06-30,12130371584.0
2014-07-01,11622925312.0
2014-07-02,11562517504.0
2014-07-03,11345039360.0
2014-07-07,11544394752.0
2014-07-08,11707501568.0
2014-07-09,11526273024.0
2014-07-10,11659172864.0
2014-07-11,11550435328.0
2014-07-14,11477943296.0
2014-07-15,11568558080.0
2014-07-16,11175889920.0
2014-07-17,12033716224.0
2014-07-18,11574597632.0
2014-07-21,11477943296.0
2014-07-22,11242342400.0
2014-07-23,12033716224.0
2014-07-24,12311604224.0
2014-07-25,13054648320.0
2014-07-28,13090893824.0
2014-07-29,13175468032.0
2014-07-30,12770720768.0
2014-07-31,13556055040.0
2014-08-01,13411070976.0
2014-08-04,13247963136.0
2014-08-05,13682915328.0
2014-08-06,13519810560.0
2014-08-07,14057459712.0
2014-08-08,13568136192.0
2014-08-11,13169428480.0
2014-08-12,13217757184.0
2014-08-13,12855296000.0
2014-08-14,12776763392.0
2014-08-15,12365974528.0
2014-08-18,12208907264.0
2014-08-19,11943099392.0
2014-08-20,11647091712.0
2014-08-21,11526273024.0
2014-08-22,11490026496.0
2014-08-25,11610847232.0
2014-08-26,11604803584.0
2014-08-27,11544394752.0
2014-08-28,11435655168.0
2014-08-29,11163809792.0
2014-09-02,11302753280.0
2014-09-03,11206094848.0
2014-09-04,11133603840.0
2014-09-05,10849678336.0
2014-09-08,10765105152.0
2014-09-09,11079234560.0
2014-09-10,11049029632.0
2014-09-11,10988620800.0
2014-09-12,11399408640.0
2014-09-15,11816239104.0
2014-09-16,11200054272.0
2014-09-17,10940291072.0
2014-09-18,10469091328.0
2014-09-19,10843634688.0
2014-09-22,11248386048.0
2014-09-23,11326917632.0
2014-09-24,10904046592.0
2014-09-25,11496066048.0
2014-09-26,11073192960.0
2014-09-29,11036949504.0
2014-09-30,11326917632.0
2014-10-01,12136413184.0
2014-10-02,12347850752.0
2014-10-03,12142452736.0
2014-10-06,12450546688.0
2014-10-07,13145267200.0
2014-10-08,12263273472.0
2014-10-09,13254003712.0
2014-10-10,15990588416.0
2014-10-13,17005475840.0
2014-10-14,16117447680.0
2014-10-15,15851642880.0
2014-10-16,15096512512.0
2014-10-17,14752175104.0
2014-10-20,14069538816.0
2014-10-21,12577405952.0
2014-10-22,13102978048.0
2014-10-23,12504918016.0
2014-10-24,12118291456.0
2014-10-27,11961224192.0
2014-10-28,11429614592.0
2014-10-29,11369202688.0
2014-10-30,11755830272.0
2014-10-31,10390557696.0
2014-11-03,10167042048.0
2014-11-04,10275777536.0
2014-11-05,9985810432.0
2014-11-06,10221409280.0
2014-11-07,10517422080.0
2014-11-10,10281819136.0
2014-11-11,10366396416.0
2014-11-12,10384518144.0
2014-11-13,10378476544.0
2014-11-14,10058302464.0
2014-11-17,10221409280.0
2014-11-18,9647511552.0
2014-11-19,9828743168.0
2014-11-20,9514611712.0
2014-11-21,9248806912.0
2014-11-24,8983002112.0
2014-11-25,8946752512.0
2014-11-26,8403062272.0
2014-11-28,8324529152.0
2014-12-01,8650742784.0
2014-12-02,8457431552.0
2014-12-03,7925821440.0
2014-12-04,7895617024.0
2014-12-05,7678138880.0
2014-12-08,7998312960.0
2014-12-09,7980190208.0
2014-12-10,8433268224.0
2014-12-11,8312446976.0
2014-12-12,8741357568.0
2014-12-15,8976959488.0
2014-12-16,9152148480.0
2014-12-17,8542007296.0
2014-12-18,8076847616.0
2014-12-19,8125175296.0
2014-12-22,7750632448.0
2014-12-23,7805001216.0
2014-12-24,7774796288.0
2014-12-26,7756674560.0
2014-12-29,7817083904.0
2014-12-30,7956027392.0
2014-12-31,8088929280.0
2015-01-02,8107053568.0
2015-01-05,8560128000.0
2015-01-06,9146108928.0
2015-01-07,8868221952.0
2015-01-08,8070808064.0
2015-01-09,8046642176.0
2015-01-12,8535965696.0
2015-01-13,8783647744.0
2015-01-14,8934670336.0
2015-01-15,9146108928.0
2015-01-16,8825936896.0
2015-01-20,8548046848.0
2015-01-21,8282240000.0
2015-01-22,8125175296.0
2015-01-23,8197667328.0
2015-01-26,8137256448.0
2015-01-27,8578249728.0
2015-01-28,8705113088.0
2015-01-29,8680949760.0
2015-01-30,9158190080.0
2015-02-02,9127987200.0
2015-02-03,8614497280.0
2015-02-04,8529926656.0
2015-02-05,8282240000.0
2015-02-06,8421185536.0
2015-02-09,8668869632.0
2015-02-10,7811041280.0
2015-02-11,7708343808.0
2015-02-12,7357964288.0
2015-02-13,7176734208.0
2015-02-17,7122366976.0
2015-02-18,7182775808.0
2015-02-19,7122366976.0
2015-02-20,6947175424.0
2015-02-23,7122366976.0
2015-02-24,6832396288.0
2015-02-25,6947175424.0
2015-02-26,6814273536.0
2015-02-27,6862601728.0
2015-03-02,6282663424.0
2015-03-03,6639083520.0
2015-03-04,6608878592.0
2015-03-05,6639083520.0
2015-03-06,6862601728.0
2015-03-09,6771986432.0
2015-03-10,7152571392.0
2015-03-11,7098201600.0
2015-03-12,7116325888.0
2015-03-13,6959257088.0
2015-03-16,6645124608.0
2015-03-17,6790108672.0
2015-03-18,6633042944.0
2015-03-19,6590755328.0
2015-03-20,6294746112.0
2015-03-23,6451811840.0
2015-03-24,6639083520.0
2015-03-25,7581483008.0
2015-03-26,7883534336.0
2015-03-27,7200897536.0
2015-03-30,6923013120.0
2015-03-31,7134446080.0
2015-04-01,7285472768.0
2015-04-02,7339842048.0
2015-04-06,7249226752.0
2015-04-07,7231104512.0
2015-04-08,7104242176.0
2015-04-09,6826354688.0
2015-04-10,6711575552.0
2015-04-13,6862601728.0
2015-04-14,7067995648.0
2015-04-15,6717617152.0
2015-04-16,6796151296.0
2015-04-17,7092160000.0
2015-04-20,6910929920.0
2015-04-21,6759905280.0
2015-04-22,6488057856.0
2015-04-23,6784068096.0
2015-04-24,7122366976.0
2015-04-27,7043831296.0
2015-04-28,7031748608.0
2015-04-29,7158611456.0
2015-04-30,7351923712.0
2015-05-01,6717617152.0
2015-05-04,6771986432.0
2015-05-05,7188816896.0
2015-05-06,7212980736.0
2015-05-07,6989462528.0
2015-05-08,6778027520.0
2015-05-11,6771986432.0
2015-05-12,6935093760.0
2015-05-13,6820314112.0
2015-05-14,6572633600.0
2015-05-15,6542427648.0
2015-05-18,6349114880.0
2015-05-19,6415566336.0
2015-05-20,6385360384.0
2015-05-21,6279642112.0
2015-05-22,6225273344.0
2015-05-26,6367236608.0
2015-05-27,5616641024.0
2015-05-28,5603047424.0
2015-05-29,5553209856.0
2015-06-01,5535086592.0
2015-06-02,5722358784.0
2015-06-03,5838649344.0
2015-06-04,5995715072.0
2015-06-05,5979102720.0
2015-06-08,6314377728.0
2015-06-09,6338542592.0
2015-06-10,6089350656.0
2015-06-11,6099923456.0
2015-06-12,6263029760.0
2015-06-15,6299276800.0
2015-06-16,6241885696.0
2015-06-17,6229804544.0
2015-06-18,5962488832.0
2015-06-19,6007796736.0
2015-06-22,5893018112.0
2015-06-23,5995715072.0
2015-06-24,6182987264.0
2015-06-25,6187517440.0
2015-06-26,6652677120.0
2015-06-29,7209959936.0
2015-06-30,7129915904.0
2015-07-01,7071016448.0
2015-07-02,6966808576.0
2015-07-06,7285472768.0
2015-07-07,7353434624.0
2015-07-08,7916760576.0
2015-07-09,8258074112.0
2015-07-10,7788389376.0
2015-07-13,7590544384.0
2015-07-14,7345881600.0
2015-07-15,7493888512.0
2015-07-16,7436498944.0
2015-07-17,7490867200.0
2015-07-20,7635852288.0
2015-07-21,7634341888.0
2015-07-22,8188605440.0
2015-07-23,7851817984.0
2015-07-24,8297343488.0
2015-07-27,8480083968.0
2015-07-28,7960556544.0
2015-07-29,7915249152.0
2015-07-30,7823124992.0
2015-07-31,8104032768.0
2015-08-03,8181053952.0
2015-08-04,8445346304.0
2015-08-05,8138767872.0
2015-08-06,8569188864.0
2015-08-07,8407592960.0
2015-08-10,7789897728.0
2015-08-11,8316977664.0
2015-08-12,8170482176.0
2015-08-13,8422695936.0
2015-08-14,8572211200.0
2015-08-17,8312446976.0
2015-08-18,8819891200.0
2015-08-19,9073615872.0
2015-08-20,10090016768.0
2015-08-21,10922168320.0
2015-08-24,11565537280.0
2015-08-25,11982366720.0
2015-08-26,10210838528.0
2015-08-27,9063044096.0
2015-08-28,8868221952.0
2015-08-31,8969406464.0
2015-09-01,9883114496.0
2015-09-02,9195945984.0
2015-09-03,8958837760.0
2015-09-04,9434566656.0
2015-09-08,8202198528.0
2015-09-09,8608456704.0
2015-09-10,8502737920.0
2015-09-11,8492169216.0
2015-09-14,8427228160.0
2015-09-15,8131213312.0
2015-09-16,8064765952.0
2015-09-17,8280731136.0
2015-09-18,8691523584.0
2015-09-21,8771565568.0
2015-09-22,9351502848.0
2015-09-23,9573511168.0
2015-09-24,9575018496.0
2015-09-25,9461753856.0
2015-09-28,10221409280.0
2015-09-29,10022056960.0
2015-09-30,8884833280.0
2015-10-01,9179334656.0
2015-10-02,8575231488.0
2015-10-05,8108562944.0
2015-10-06,8013417472.0
2015-10-07,7658506752.0
2015-10-08,7533155328.0
2015-10-09,7720427008.0
2015-10-12,7672099328.0
2015-10-13,7977170432.0
2015-10-14,7078568960.0
2015-10-15,6874683392.0
2015-10-16,6844477440.0
2015-10-19,6836926976.0
2015-10-20,6883744256.0
2015-10-21,6830885888.0
2015-10-22,6122575360.0
2015-10-23,5900569600.0
2015-10-26,6222253056.0
2015-10-27,6388381696.0
2015-10-28,6033470976.0
2015-10-29,6571122176.0
2015-10-30,6398953472.0
2015-11-02,6235845120.0
2015-11-03,6148249088.0
2015-11-04,6083310592.0
2015-11-05,6465404928.0
2015-11-06,5970040320.0
2015-11-09,6122575360.0
2015-11-10,6457852928.0
2015-11-11,6442750976.0
2015-11-12,6687412224.0
2015-11-13,6880724992.0
2015-11-16,6613409280.0
2015-11-17,6475976192.0
2015-11-18,6281153024.0
2015-11-19,6237356032.0
2015-11-20,6184496128.0
2015-11-23,6417077248.0
2015-11-24,6170904576.0
2015-11-25,6149761024.0
2015-11-27,6022898688.0
2015-11-30,5828076032.0
2015-12-01,5606068736.0
2015-12-02,5672519680.0
2015-12-03,5778236928.0
2015-12-04,5459573760.0
2015-12-07,5619663360.0
2015-12-08,5751053312.0
2015-12-09,5979102720.0
2015-12-10,5867342848.0
2015-12-11,6220742656.0
2015-12-14,6338542592.0
2015-12-15,6050085376.0
2015-12-16,5905098752.0
2015-12-17,6161842688.0
2015-12-18,6379319296.0
2015-12-21,6021389312.0
2015-12-22,5995715072.0
2015-12-23,5865833984.0
2015-12-24,5800892416.0
2015-12-28,5873383936.0
2015-12-29,5657416704.0
2015-12-30,5829586432.0
2015-12-31,6066696704.0
2016-01-04,6270582272.0
2016-01-05,6465404928.0
2016-01-06,7000035328.0
2016-01-07,7696262656.0
2016-01-08,8088929280.0
2016-01-11,7942432768.0
2016-01-12,7743079936.0
2016-01-13,8496697344.0
2016-01-14,7971130368.0
2016-01-15,9043410944.0
2016-01-19,8992064512.0
2016-01-20,8816873472.0
2016-01-21,8418165248.0
2016-01-22,7963578880.0
2016-01-25,8295833088.0
2016-01-26,8051171840.0
2016-01-27,8335099392.0
2016-01-28,8395511296.0
2016-01-29,7268860928.0
2016-02-01,7149551104.0
2016-02-02,7857859584.0
2016-02-03,7788389376.0
2016-02-04,7382129664.0
2016-02-05,8146320384.0
2016-02-08,8780626944.0
2016-02-09,8936181760.0
2016-02-10,9118923776.0
2016-02-11,9340929024.0
2016-02-12,8712664064.0
2016-02-16,7792920064.0
2016-02-17,7228084736.0
2016-02-18,7348903936.0
2016-02-19,7243187200.0
2016-02-22,6900356608.0
2016-02-23,7222042112.0
2016-02-24,6923013120.0
2016-02-25,6651165696.0
2016-02-26,6543937536.0
2016-02-29,6595287040.0
2016-03-01,6031961600.0
2016-03-02,5938325504.0
2016-03-03,5914161152.0
2016-03-04,5731419648.0
2016-03-07,5672519680.0
2016-03-08,6048573952.0
2016-03-09,5906610176.0
2016-03-10,5815992832.0
2016-03-11,5477698048.0
2016-03-14,5532066816.0
2016-03-15,5572842496.0
2016-03-16,5412756992.0
2016-03-17,5297976320.0
2016-03-18,5078989312.0
2016-03-21,5050294272.0
2016-03-22,5069927424.0
2016-03-23,5270791680.0
2016-03-24,5284383232.0
2016-03-28,5291935232.0
2016-03-29,5083521024.0
2016-03-30,4938535936.0
2016-03-31,5011028480.0
2016-04-01,4911351808.0
2016-04-04,5038212096.0
2016-04-05,5131848704.0
2016-04-06,4976292864.0
2016-04-07,5202830336.0
2016-04-08,5130338304.0
2016-04-11,5133358080.0
2016-04-12,5160543744.0
2016-04-13,4811674112.0
2016-04-14,4932494336.0
2016-04-15,5056335360.0
2016-04-18,5045764608.0
2016-04-19,5233035776.0
2016-04-20,5077478400.0
2016-04-21,5168094720.0
2016-04-22,5139399168.0
2016-04-25,5231525376.0
2016-04-26,5012537856.0
2016-04-27,4860002304.0
2016-04-28,5245118464.0
2016-04-29,5640804352.0
2016-05-02,5535086592.0
2016-05-03,5713297408.0
2016-05-04,5914161152.0
2016-05-05,5867342848.0
2016-05-06,5843179520.0
2016-05-09,5873383936.0
2016-05-10,5649867264.0
2016-05-11,5704235008.0
2016-05-12,6001755648.0
2016-05-13,5932285440.0
2016-05-16,5651376640.0
2016-05-17,5766155776.0
2016-05-18,5482229248.0
2016-05-19,5581904896.0
2016-05-20,5063885824.0
2016-05-23,4959679488.0
2016-05-24,4600237568.0
2016-05-25,4514153984.0
2016-05-26,4467335168.0
2016-05-27,4382761984.0
2016-05-31,4310269440.0
2016-06-01,4240797440.0
2016-06-02,4240797440.0
2016-06-03,4198510336.0
2016-06-06,4236267520.0
2016-06-07,4104874496.0
2016-06-08,4109406208.0
2016-06-09,4101854720.0
2016-06-10,4301208064.0
2016-06-13,4366148608.0
2016-06-14,4369168384.0
2016-06-15,4370678784.0
2016-06-16,4375210496.0
2016-06-17,4486970368.0
2016-06-20,4323860992.0
2016-06-21,4284594432.0
2016-06-22,4308759040.0
2016-06-23,3970462464.0
2016-06-24,4650076160.0
2016-06-27,5183198208.0
2016-06-28,4763345920.0
2016-06-29,4477908480.0
2016-06-30,4236267520.0
2016-07-01,4354066432.0
2016-07-05,4588155904.0
2016-07-06,4567012864.0
2016-07-07,4403905536.0
2016-07-08,4030872320.0
2016-07-11,3899479552.0
2016-07-12,3734862080.0
2016-07-13,3731841536.0
2016-07-14,3650288128.0
2016-07-15,3651797504.0
2016-07-18,3485670144.0
2016-07-19,3523426304.0
2016-07-20,3357298176.0
2016-07-21,3431300864.0
2016-07-22,3372400640.0
2016-07-25,3311990784.0
2016-07-26,2937448192.0
2016-07-27,2937448192.0
2016-07-28,2984264704.0
2016-07-29,3019000832.0
2016-08-01,3008429056.0
2016-08-02,3150393856.0
2016-08-03,3136801280.0
2016-08-04,3050716672.0
2016-08-05,2929895680.0
2016-08-08,2943487488.0
2016-08-09,2867975168.0
2016-08-10,2929895680.0
2016-08-11,2895159808.0
2016-08-12,2854383104.0
2016-08-15,2735072768.0
2016-08-16,2792462848.0
2016-08-17,2790952448.0
2016-08-18,2733562624.0
2016-08-19,2661069824.0
2016-08-22,2656539392.0
2016-08-23,2612742656.0
2016-08-24,2680703488.0
2016-08-25,2653518336.0
2016-08-26,2612742656.0
2016-08-29,2584047360.0
2016-08-30,2597639424.0
2016-08-31,2603680768.0
2016-09-01,2540250112.0
2016-09-02,2553842176.0
2016-09-06,2570454784.0
2016-09-07,2629355520.0
2016-09-08,2642947328.0
2016-09-09,2932916992.0
2016-09-12,2750175488.0
2016-09-13,2830218752.0
2016-09-14,2747155200.0
2016-09-15,2561393408.0
2016-09-16,2556862720.0
2016-09-19,2549311488.0
2016-09-20,2581026816.0
2016-09-21,2472288000.0
2016-09-22,2442083840.0
2016-09-23,2526657792.0
2016-09-26,2597639424.0
2016-09-27,2461716480.0
2016-09-28,2446614016.0
2016-09-29,2352978688.0
2016-09-30,2247260160.0
2016-10-03,2289547520.0
2016-10-04,2309180672.0
2016-10-05,2254811392.0
2016-10-06,2214033920.0
2016-10-07,2226116352.0
2016-10-10,2259342080.0
2016-10-11,2401306880.0
2016-10-12,2428491008.0
2016-10-13,2516086016.0
2016-10-14,2452654848.0
2016-10-17,2494941440.0
2016-10-18,2401306880.0
2016-10-19,2437552896.0
2016-10-20,2386204160.0
2016-10-21,2405837056.0
2016-10-24,2271424000.0
2016-10-25,2277464832.0
2016-10-26,2288037120.0
2016-10-27,2316732416.0
2016-10-28,2360529408.0
2016-10-31,2321262848.0
2016-11-01,2383183360.0
2016-11-02,2431511296.0
2016-11-03,2446614016.0
2016-11-04,2488901120.0
2016-11-07,2274444544.0
2016-11-08,2260852736.0
2016-11-09,2292568064.0
2016-11-10,2440573184.0
2016-11-11,2170237440.0
2016-11-14,2195911936.0
2016-11-15,2072070400.0
2016-11-16,1998068608.0
2016-11-17,1937658112.0
2016-11-18,1893860736.0
2016-11-21,1854594048.0
2016-11-22,1792673408.0
2016-11-23,1788142848.0
2016-11-25,1783611520.0
2016-11-28,1794183552.0
2016-11-29,1806265856.0
2016-11-30,1834960512.0
2016-12-01,2106807040.0
2016-12-02,2025252608.0
2016-12-05,1951250304.0
2016-12-06,1868186624.0
2016-12-07,1750386304.0
2016-12-08,1708099072.0
2016-12-09,1727732480.0
2016-12-12,1766998912.0
2016-12-13,1705078528.0
2016-12-14,1712629632.0
2016-12-15,1617483648.0
2016-12-16,1670342528.0
2016-12-19,1620504320.0
2016-12-20,1576707200.0
2016-12-21,1572175744.0
2016-12-22,1551032704.0
2016-12-23,1525358336.0
2016-12-27,1469478784.0
2016-12-28,1557073408.0
2016-12-29,1554053120.0
2016-12-30,1628055680.0
2017-01-03,1623524864.0
2017-01-04,1609932544.0
2017-01-05,1652219648.0
2017-01-06,1614463232.0
2017-01-09,1561604096.0
2017-01-10,1540460672.0
2017-01-11,1523847936.0
2017-01-12,1561604096.0
2017-01-13,1531399168.0
2017-01-17,1606912000.0
2017-01-18,1538950528.0
2017-01-19,1561604096.0
2017-01-20,1499683712.0
2017-01-23,1526868352.0
2017-01-24,1436253312.0
2017-01-25,1374332288.0
2017-01-26,1396986240.0
2017-01-27,1345638144.0
2017-01-30,1365271040.0
2017-01-31,1419640320.0
2017-02-01,1350168448.0
2017-02-02,1353189248.0
2017-02-03,1330534912.0
2017-02-06,1316943104.0
2017-02-07,1303350784.0
2017-02-08,1295799552.0
2017-02-09,1327514880.0
2017-02-10,1332045312.0
2017-02-13,1322983808.0
2017-02-14,1335066112.0
2017-02-15,1301840384.0
2017-02-16,1298819712.0
2017-02-17,1277676160.0
2017-02-21,1221796608.0
2017-02-22,1220286592.0
2017-02-23,1282206976.0
2017-02-24,1285227392.0
2017-02-27,1244450560.0
2017-02-28,1292779008.0
2017-03-01,1230858240.0
2017-03-02,1271635328.0
2017-03-03,1273145472.0
2017-03-06,1270125056.0
2017-03-07,1262573568.0
2017-03-08,1253512576.0
2017-03-09,1245960704.0
2017-03-10,1202163712.0
2017-03-13,1176489344.0
2017-03-14,1185550464.0
2017-03-15,1158366208.0
2017-03-16,1161386368.0
2017-03-17,1155345792.0
2017-03-20,1131181440.0
2017-03-21,1209714560.0
2017-03-22,1168937856.0
2017-03-23,1177999232.0
2017-03-24,1150814848.0
2017-03-27,1147794432.0
2017-03-28,1135712000.0
2017-03-29,1144773760.0
2017-03-30,1125140608.0
2017-03-31,1126650880.0
2017-04-03,1146284032.0
2017-04-04,1162896768.0
2017-04-05,1188571136.0
2017-04-06,1184040576.0
2017-04-07,1168937856.0
2017-04-10,1194612224.0
2017-04-11,1226327424.0
2017-04-12,1286737536.0
2017-04-13,1312411904.0
2017-04-17,1264083840.0
2017-04-18,1247470720.0
2017-04-19,1224817152.0
2017-04-20,1168937856.0
2017-04-21,1182530048.0
2017-04-24,1132691584.0
2017-04-25,1097955968.0
2017-04-26,1123630080.0
2017-04-27,1076812160.0
2017-04-28,1132691584.0
2017-05-01,1098861824.0
2017-05-02,1134201984.0
2017-05-03,1121515648.0
2017-05-04,1123630080.0
2017-05-05,1111246336.0
2017-05-08,1123931776.0
2017-05-09,1089800320.0
2017-05-10,1020932672.0
2017-05-11,1009756864.0
2017-05-12,1000091264.0
2017-05-15,954783552.0
2017-05-16,911892416.0
2017-05-17,1031504512.0
2017-05-18,972906560.0
2017-05-19,940889344.0
2017-05-22,910986112.0
2017-05-23,920047552.0
2017-05-24,903132928.0
2017-05-25,888634496.0
2017-05-26,875948288.0
2017-05-30,859939520.0
2017-05-31,860543488.0
2017-06-01,858429376.0
2017-06-02,833056896.0
2017-06-05,825807872.0
2017-06-06,817350336.0
2017-06-07,798321216.0
2017-06-08,756638080.0
2017-06-09,850878080.0
2017-06-12,864470336.0
2017-06-13,848461632.0
2017-06-14,875948288.0
2017-06-15,897393920.0
2017-06-16,906757504.0
2017-06-19,854502592.0
2017-06-20,883197440.0
2017-06-21,853596416.0
2017-06-22,858731584.0
2017-06-23,849367744.0
2017-06-26,872021760.0
2017-06-27,942399488.0
2017-06-28,892561088.0
2017-06-29,960522432.0
2017-06-30,975323136.0
2017-07-03,1012475584.0
2017-07-05,952971392.0
2017-07-06,964449088.0
2017-07-07,918537472.0
2017-07-10,884707776.0
2017-07-11,860845696.0
2017-07-12,822787392.0
2017-07-13,829432448.0
2017-07-14,797112896.0
2017-07-17,806476480.0
2017-07-18,798019072.0
2017-07-19,776271296.0
2017-07-20,770230336.0
2017-07-21,788353600.0
2017-07-24,797112896.0
2017-07-25,798019072.0
2017-07-26,771740672.0
2017-07-27,807986688.0
2017-07-28,818558656.0
2017-07-31,834265152.0
2017-08-01,821276992.0
2017-08-02,839098112.0
2017-08-03,849065664.0
2017-08-04,846045440.0
2017-08-07,802549888.0
2017-08-08,811309184.0
2017-08-09,819162688.0
2017-08-10,886218112.0
2017-08-11,872927808.0
2017-08-14,804966272.0
2017-08-15,798019072.0
2017-08-16,795300672.0
2017-08-17,856919040.0
2017-08-18,851180160.0
2017-08-21,869605312.0
2017-08-22,827318080.0
2017-08-23,817350336.0
2017-08-24,817954496.0
2017-08-25,829432448.0
2017-08-28,823089280.0
2017-08-29,817350336.0
2017-08-30,775063232.0
2017-08-31,752711232.0
2017-09-01,743045696.0
2017-09-05,772646784.0
2017-09-06,769022272.0
2017-09-07,766001536.0
2017-09-08,793488384.0
2017-09-11,746972352.0
2017-09-12,737306688.0
2017-09-13,733682112.0
2017-09-14,723714368.0
2017-09-15,687166144.0
2017-09-18,659981824.0
2017-09-19,652732416.0
2017-09-20,679313024.0
2017-09-21,688676608.0
2017-09-22,679615104.0
2017-09-25,718579520.0
2017-09-26,719787840.0
2017-09-27,669043200.0
2017-09-28,653940672.0
2017-09-29,637931968.0
2017-10-02,626453952.0
2017-10-03,620412928.0
2017-10-04,616486464.0
2017-10-05,614372096.0
2017-10-06,607122752.0
2017-10-09,593228416.0
2017-10-10,582958592.0
2017-10-11,571480768.0
2017-10-12,577219904.0
2017-10-13,566043648.0
2017-10-16,557586432.0
2017-10-17,558794560.0
2017-10-18,553055680.0
2017-10-19,557586432.0
2017-10-20,549430912.0
2017-10-23,540973568.0
2017-10-24,530099680.0
2017-10-25,550941248.0
2017-10-26,540973568.0
2017-10-27,506539584.0
2017-10-30,502915136.0
2017-10-31,490530944.0
2017-11-01,495665952.0
2017-11-02,489020800.0
2017-11-03,463346432.0
2017-11-06,443713152.0
2017-11-07,444921280.0
2017-11-08,440088480.0
2017-11-09,466366976.0
2017-11-10,458513632.0
2017-11-13,454284864.0
2017-11-14,455795104.0
2017-11-15,467575136.0
2017-11-16,446129536.0
2017-11-17,452170432.0
2017-11-20,436161792.0
2017-11-21,420757216.0
2017-11-22,428610496.0
2017-11-24,417736640.0
2017-11-27,432537152.0
2017-11-28,433443360.0
2017-11-29,489926848.0
2017-11-30,481167424.0
2017-12-01,497478080.0
2017-12-04,533724416.0
2017-12-05,533422304.0
2017-12-06,527381152.0
2017-12-07,511976672.0
2017-12-08,520132000.0
2017-12-11,511070624.0
2017-12-12,525871008.0
2017-12-13,526777216.0
2017-12-14,527381152.0
2017-12-15,503519328.0
2017-12-18,469991488.0
2017-12-19,471501696.0
2017-12-20,462440256.0
2017-12-21,476938752.0
2017-12-22,478448960.0
2017-12-26,491739264.0
2017-12-27,486604352.0
2017-12-28,483885952.0
2017-12-29,498384384.0
2018-01-02,457607456.0
2018-01-03,434349632.0
2018-01-04,426798208.0
2018-01-05,419246912.0
2018-01-08,409581344.0
2018-01-09,421361408.0
2018-01-10,436463904.0
2018-01-11,428610496.0
2018-01-12,421965440.0
2018-01-16,417434720.0
2018-01-17,381490592.0
2018-01-18,376355616.0
2018-01-19,375147520.0
2018-01-22,366992096.0
2018-01-23,358836736.0
2018-01-24,382698848.0
2018-01-25,402936192.0
2018-01-26,364575744.0
2018-01-29,365783872.0
2018-01-30,387229440.0
2018-01-31,378168032.0
2018-02-01,383906976.0
2018-02-02,415018304.0
2018-02-05,473012064.0
2018-02-06,421059232.0
2018-02-07,449150048.0
2018-02-08,505935712.0
2018-02-09,461534112.0
2018-02-12,434953568.0
2018-02-13,435557856.0
2018-02-14,406560864.0
2018-02-15,391458208.0
2018-02-16,396291040.0
2018-02-20,374845472.0
2018-02-21,388135648.0
2018-02-22,391156224.0
2018-02-23,365783872.0
2018-02-26,341921920.0
2018-02-27,345546560.0
2018-02-28,354305984.0
2018-03-01,371824928.0
2018-03-02,352493664.0
2018-03-05,342828032.0
2018-03-06,327423392.0
2018-03-07,324704928.0
2018-03-08,323798784.0
2018-03-09,302957280.0
2018-03-12,294197760.0
2018-03-13,307488064.0
2018-03-14,307488064.0
2018-03-15,308394208.0
2018-03-16,308998240.0
2018-03-19,326819264.0
2018-03-20,318744800.0
2018-03-21,316627904.0
2018-03-22,342635584.0
2018-03-23,376808320.0
2018-03-26,329934176.0
2018-03-27,367131232.0
2018-03-28,390114688.0
2018-03-29,364711840.0
2018-04-02,406445056.0
2018-04-03,383159136.0
2018-04-04,368038368.0
2018-04-05,378925280.0
2018-04-06,414307808.0
2018-04-09,406445056.0
2018-04-10,367433568.0
2018-04-11,367131232.0
2018-04-12,345962240.0
2018-04-13,354429728.0
2018-04-16,352312832.0
2018-04-17,332051136.0
2018-04-18,342635584.0
2018-04-19,386788096.0
2018-04-20,400699232.0
2018-04-23,417029504.0
2018-04-24,427009184.0
2018-04-25,428823712.0
2018-04-26,401908800.0
2018-04-27,410678848.0
2018-04-30,424589888.0
2018-05-01,403118496.0
2018-05-02,408259552.0
2018-05-03,401303872.0
2018-05-04,372272224.0
2018-05-07,362292544.0
2018-05-08,354429728.0
2018-05-09,339611392.0
2018-05-10,321164224.0
2018-05-11,328422080.0
2018-05-14,316023072.0
2018-05-15,327212448.0
2018-05-16,313301376.0
2018-05-17,316930400.0
2018-05-18,330538944.0
2018-05-21,319954496.0
2018-05-22,314813472.0
2018-05-23,309974880.0
2018-05-24,306345920.0
2018-05-25,299390336.0
2018-05-29,304833696.0
2018-05-30,298785536.0
2018-05-31,305136192.0
2018-06-01,284571968.0
2018-06-04,277616480.0
2018-06-05,273987488.0
2018-06-06,268846528.0
2018-06-07,275801984.0
2018-06-08,283059904.0
2018-06-11,285176864.0
2018-06-12,280943040.0
2018-06-13,281850304.0
2018-06-14,277011648.0
2018-06-15,277616480.0
2018-06-18,286084032.0
2018-06-19,295103712.0
2018-06-20,290866272.0
2018-06-21,301762368.0
2018-06-22,309329088.0
2018-06-25,336266816.0
2018-06-26,332634784.0
2018-06-27,357151072.0
2018-06-28,347768320.0
2018-06-29,346255072.0
2018-07-02,339898848.0
2018-07-03,358361760.0
2018-07-05,330213472.0
2018-07-06,318106688.0
2018-07-09,311750528.0
2018-07-10,302065088.0
2018-07-11,325673408.0
2018-07-12,318711904.0
2018-07-13,322646720.0
2018-07-16,324159968.0
2018-07-17,309631872.0
2018-07-18,302973056.0
2018-07-19,305091744.0
2018-07-20,309934496.0
2018-07-23,308421184.0
2018-07-24,318711904.0
2018-07-25,313566560.0
2018-07-26,296314304.0
2018-07-27,300551744.0
2018-07-30,309329088.0
2018-07-31,302973056.0
2018-08-01,304789088.0
2018-08-02,295708992.0
2018-08-03,294498304.0
2018-08-06,289050240.0
2018-08-07,282088864.0
2018-08-08,279667456.0
2018-08-09,288747584.0
2018-08-10,309934496.0
2018-08-13,309329088.0
2018-08-14,310539808.0
2018-08-15,323252000.0
2018-08-16,324765344.0
2018-08-17,332029440.0
2018-08-20,332937440.0
2018-08-21,313263936.0
2018-08-22,309329088.0
2018-08-23,308421184.0
2018-08-24,294800992.0
2018-08-27,281483392.0
2018-08-28,277851520.0
2018-08-29,276035424.0
2018-08-30,283602176.0
2018-08-31,278759488.0
2018-09-04,272100736.0
2018-09-05,276338176.0
2018-09-06,298130336.0
2018-09-07,302065088.0
2018-09-10,292379680.0
2018-09-11,300854432.0
2018-09-12,310539808.0
2018-09-13,300551744.0
2018-09-14,290866272.0
2018-09-17,303275808.0
2018-09-18,294800992.0
2018-09-19,292984928.0
2018-09-20,282694240.0
2018-09-21,286023520.0
2018-09-24,282694240.0
2018-09-25,296950176.0
2018-09-26,305139808.0
2018-09-27,300893376.0
2018-09-28,295433600.0
2018-10-01,293007072.0
2018-10-02,293310400.0
2018-10-03,292097088.0
2018-10-04,308476384.0
2018-10-05,330012064.0
2018-10-08,340931648.0
2018-10-09,342144832.0
2018-10-10,387036256.0
2018-10-11,399775680.0
2018-10-12,376723360.0
2018-10-15,386732928.0
2018-10-16,348514592.0
2018-10-17,353367680.0
2018-10-18,380363200.0
2018-10-19,397955744.0
2018-10-22,390069440.0
2018-10-23,396742400.0
2018-10-24,475302336.0
2018-10-25,442240448.0
2018-10-26,465899328.0
2018-10-29,479548768.0
2018-10-30,419794752.0
2018-10-31,404325504.0
2018-11-01,348514592.0
2018-11-02,363983872.0
2018-11-05,373386784.0
2018-11-06,360344064.0
2018-11-07,346997984.0
2018-11-08,351851200.0
2018-11-09,371263584.0
2018-11-12,420401472.0
2018-11-13,403718816.0
2018-11-14,398865696.0
2018-11-15,358827456.0
2018-11-16,371263584.0
2018-11-19,414335072.0
2018-11-20,412818464.0
2018-11-21,407358688.0
2018-11-23,407662016.0
2018-11-26,384912992.0
2018-11-27,382789728.0
2018-11-28,355794240.0
2018-11-29,364893856.0
2018-11-30,349424576.0
2018-12-03,321519104.0
2018-12-04,367623712.0
2018-12-06,373690176.0
2018-12-07,415548320.0
2018-12-10,397955744.0
2018-12-11,391282752.0
2018-12-12,373993472.0
2018-12-13,378543232.0
2018-12-14,394619200.0
2018-12-17,409481888.0
2018-12-18,392799328.0
2018-12-19,442543744.0
2018-12-20,454069952.0
2018-12-21,474998976.0
2018-12-24,515340512.0
2018-12-26,426771200.0
2018-12-27,417602816.0
2018-12-28,409074048.0
2018-12-31,401763680.0
2019-01-02,391102784.0
2019-01-03,459637152.0
2019-01-04,399631520.0
2019-01-07,377395872.0
2019-01-08,382269440.0
2019-01-09,353637344.0
2019-01-10,343280992.0
2019-01-11,333533920.0
2019-01-14,349068416.0
2019-01-15,347240832.0
2019-01-16,355160320.0
2019-01-17,343280992.0
2019-01-18,319522496.0
2019-01-22,346631584.0
2019-01-23,353941952.0
2019-01-24,293631680.0
2019-01-25,274746592.0
2019-01-28,290890336.0
2019-01-29,303683392.0
2019-01-30,277488064.0
2019-01-31,277488064.0
2019-02-01,267436368.0
2019-02-04,263781184.0
2019-02-05,260126016.0
2019-02-06,239413360.0
2019-02-07,254947840.0
2019-02-08,255861632.0
2019-02-11,252206512.0
2019-02-12,236672032.0
2019-02-13,234235232.0
2019-02-14,232407664.0
2019-02-15,229361696.0
2019-02-19,230275504.0
2019-02-20,224488096.0
2019-02-21,229361696.0
2019-02-22,222355920.0
2019-02-25,216568624.0
2019-02-26,220832944.0
2019-02-27,229057104.0
2019-02-28,228447904.0
2019-03-01,222051360.0
2019-03-04,222051360.0
2019-03-05,225401936.0
2019-03-06,236672032.0
2019-03-07,244286960.0
2019-03-08,244591552.0
2019-03-11,227229520.0
2019-03-12,224488096.0
2019-03-13,222051360.0
2019-03-14,226011136.0
2019-03-15,206212320.0
2019-03-18,207735280.0
2019-03-19,199399008.0
2019-03-20,205200816.0
2019-03-21,183520352.0
2019-03-22,199093632.0
2019-03-25,207032992.0
2019-03-26,200620432.0
2019-03-27,209475840.0
2019-03-28,210391888.0
2019-03-29,200620432.0
2019-04-01,185963232.0
2019-04-02,185352544.0
2019-04-03,172832848.0
2019-04-04,172527456.0
2019-04-05,168252432.0
2019-04-08,167031040.0
2019-04-09,172832848.0
2019-04-10,168557808.0
2019-04-11,168557808.0
2019-04-12,161839920.0
2019-04-15,165198832.0
2019-04-16,149625632.0
2019-04-17,142907696.0
2019-04-18,142297024.0
2019-04-22,142602352.0
2019-04-23,138327344.0
2019-04-24,134052328.0
2019-04-25,141380880.0
2019-04-26,145045216.0
2019-04-29,145655920.0
2019-04-30,142602352.0
2019-05-01,145961296.0
2019-05-02,141075552.0
2019-05-03,138327344.0
2019-05-06,145655920.0
2019-05-07,156038112.0
2019-05-08,159702400.0
2019-05-09,165198832.0
2019-05-10,164588176.0
2019-05-13,188406112.0
2019-05-14,174359584.0
2019-05-15,170084576.0
2019-05-16,178939952.0
2019-05-17,189627536.0
2019-05-20,212224064.0
2019-05-21,198788288.0
2019-05-22,211307952.0
2019-05-23,221995488.0
2019-05-24,227797344.0
2019-05-28,233599152.0
2019-05-29,230545568.0
2019-05-30,225659824.0
2019-05-31,234820544.0
2019-06-03,233599152.0
2019-06-04,203674016.0
2019-06-05,207643680.0
2019-06-06,199399008.0
2019-06-07,192681088.0
2019-06-10,177413216.0
2019-06-11,176497136.0
2019-06-12,188711440.0
2019-06-13,185657888.0
2019-06-14,200009728.0
2019-06-17,204284704.0
2019-06-18,177718592.0
2019-06-19,177413216.0
2019-06-20,171916704.0
2019-06-21,175886416.0
2019-06-24,174359584.0
2019-06-25,181993584.0
2019-06-26,164588176.0
2019-06-27,156954224.0
2019-06-28,157290096.0
2019-07-01,144373440.0
2019-07-02,150358448.0
2019-07-03,152557040.0
2019-07-05,155305280.0
2019-07-08,158786336.0
2019-07-09,155274752.0
2019-07-10,152251648.0
2019-07-11,150419536.0
2019-07-12,142297024.0
2019-07-15,138876976.0
2019-07-16,143640576.0
2019-07-17,142358080.0
2019-07-18,135884464.0
2019-07-19,136586784.0
2019-07-22,128678040.0
2019-07-23,123944968.0
2019-07-24,112494008.0
2019-07-25,118234744.0
2019-07-26,118234744.0
2019-07-29,117501888.0
2019-07-30,118112624.0
2019-07-31,129777304.0
2019-08-01,137533424.0
2019-08-02,143671104.0
2019-08-05,162572800.0
2019-08-06,156038112.0
2019-08-07,152831888.0
2019-08-08,140525936.0
2019-08-09,148251472.0
2019-08-12,153473136.0
2019-08-13,139945744.0
2019-08-14,153076144.0
2019-08-15,154083856.0
2019-08-16,141503088.0
2019-08-19,133685872.0
2019-08-20,135609632.0
2019-08-21,131853720.0
2019-08-22,132067504.0
2019-08-23,149228624.0
2019-08-26,145472752.0
2019-08-27,146999520.0
2019-08-28,144281824.0
2019-08-29,134418768.0
2019-08-30,132098048.0
2019-09-03,138907504.0
2019-09-04,127548208.0
2019-09-05,115791896.0
2019-09-06,115303320.0
2019-09-09,113623848.0
2019-09-10,112188656.0
2019-09-11,107119720.0
2019-09-12,106295232.0
2019-09-13,107180784.0
2019-09-16,109348848.0
2019-09-17,108432760.0
2019-09-18,108188480.0
2019-09-19,109928992.0
2019-09-20,115914040.0
2019-09-23,112341328.0
2019-09-24,117983768.0
2019-09-25,111680248.0
2019-09-26,111741744.0
2019-09-27,119490480.0
2019-09-30,116015832.0
2019-10-01,118998480.0
2019-10-02,124687056.0
2019-10-03,118322000.0
2019-10-04,111956968.0
2019-10-07,114386136.0
2019-10-08,124902288.0
2019-10-09,118598760.0
2019-10-10,115124128.0
2019-10-11,107467624.0
2019-10-14,107467624.0
2019-10-15,100364632.0
2019-10-16,104761728.0
2019-10-17,103531768.0
2019-10-18,107098624.0
2019-10-21,101071832.0
2019-10-22,103316528.0
2019-10-23,109404816.0
2019-10-24,101379352.0
2019-10-25,95198792.0
2019-10-28,90186712.0
2019-10-29,92615888.0
2019-10-30,92554376.0
2019-10-31,94214840.0
2019-11-01,87788272.0
2019-11-04,82007496.0
2019-11-05,81515496.0
2019-11-06,83483440.0
2019-11-07,81700008.0
2019-11-08,80531536.0
2019-11-11,81792232.0
2019-11-12,81085016.0
2019-11-13,81115776.0
2019-11-14,81792232.0
2019-11-15,79670576.0
2019-11-18,80224048.0
2019-11-19,81392520.0
2019-11-20,84282904.0
2019-11-21,86958080.0
2019-11-22,87111824.0
2019-11-25,80623800.0
2019-11-26,81822992.0
2019-11-27,80070304.0
2019-11-29,82653232.0
2019-12-02,86343088.0
2019-12-03,90340464.0
2019-12-04,86097104.0
2019-12-05,85082392.0
2019-12-06,81115776.0
2019-12-09,82407232.0
2019-12-10,81576992.0
2019-12-11,76165184.0
2019-12-12,70046152.0
2019-12-13,71183840.0
2019-12-16,69092920.0
2019-12-17,68201192.0
2019-12-18,68324216.0
2019-12-19,66633000.0
2019-12-20,64511324.0
2019-12-23,64122708.0
2019-12-24,63629216.0
2019-12-26,63413312.0
2019-12-27,64061024.0
2019-12-30,65510624.0
2019-12-31,65048004.0
2020-01-02,61007556.0
2020-01-03,64307764.0
2020-01-06,66220036.0
2020-01-07,62888984.0
2020-01-08,62765616.0
2020-01-09,61624412.0
2020-01-10,62888984.0
2020-01-13,60452376.0
2020-01-14,60082268.0
2020-01-15,62210440.0
2020-01-16,59156968.0
2020-01-17,57984936.0
2020-01-21,58108312.0
2020-01-22,56689536.0
2020-01-23,55332436.0
2020-01-24,57244700.0
2020-01-27,63875960.0
2020-01-28,59280340.0
2020-01-29,62580556.0
2020-01-30,62734768.0
2020-01-31,69458560.0
2020-02-03,66960260.0
2020-02-04,60637440.0
2020-02-05,56658680.0
2020-02-06,56566156.0
2020-02-07,60699124.0
2020-02-10,57923252.0
2020-02-11,54345452.0
2020-02-12,52001388.0
2020-02-13,51939700.0
2020-02-14,52217284.0
2020-02-18,54437984.0
2020-02-19,50181636.0
2020-02-20,52402348.0
2020-02-21,57152176.0
2020-02-24,65263896.0
2020-02-25,71309136.0
2020-02-26,70692280.0
2020-02-27,80623744.0
2020-02-28,74886920.0
2020-03-02,67392072.0
2020-03-03,74331744.0
2020-03-04,63259108.0
2020-03-05,68872520.0
2020-03-06,73098024.0
2020-03-09,91665528.0
2020-03-10,74239224.0
2020-03-11,86977392.0
2020-03-12,115661448.0
2020-03-13,77416056.0
2020-03-16,113224832.0
2020-03-17,81086376.0
2020-03-18,100764256.0
2020-03-19,91172064.0
2020-03-20,99037040.0
2020-03-23,90061704.0
2020-03-24,60284212.0
2020-03-25,61489272.0
2020-03-26,49500412.0
2020-03-27,56483620.0
2020-03-30,50334696.0
2020-03-31,53671800.0
2020-04-01,62292652.0
2020-04-02,56390924.0
2020-04-03,59604432.0
2020-04-06,41590236.0
2020-04-07,41806532.0
2020-04-08,37604248.0
2020-04-09,39952580.0
2020-04-13,38376724.0
2020-04-14,33401968.0
2020-04-15,35935696.0
2020-04-16,33278372.0
2020-04-17,32444092.0
2020-04-20,34514340.0
2020-04-21,39550892.0
2020-04-22,32660390.0
2020-04-23,33525558.0
2020-04-24,31331720.0
2020-04-27,30064864.0
2020-04-28,30621046.0
2020-04-29,26109770.0
2020-04-30,28890694.0
2020-05-01,33247466.0
2020-05-04,32289594.0
2020-05-05,30621046.0
2020-05-06,29601374.0
2020-05-07,28705300.0
2020-05-08,26140670.0
2020-05-11,26202466.0
2020-05-12,28365406.0
2020-05-13,30033956.0
2020-05-14,27531130.0
2020-05-15,29261482.0
2020-05-18,25090096.0
2020-05-19,25429992.0
2020-05-20,22587266.0
2020-05-21,24317620.0
2020-05-22,23885032.0
2020-05-26,23205252.0
2020-05-27,22185580.0
2020-05-28,23637838.0
2020-05-29,21752994.0
2020-06-01,22092882.0
2020-06-02,20671522.0
2020-06-03,18879370.0
2020-06-04,18354088.0
2020-06-05,16901828.0
2020-06-08,17056322.0
2020-06-09,17056322.0
2020-06-10,16932728.0
2020-06-11,20115340.0
2020-06-12,19250162.0
2020-06-15,18415886.0
2020-06-16,17427112.0
2020-06-17,16932728.0
2020-06-18,17056322.0
2020-06-19,17334412.0
2020-06-22,16932728.0
2020-06-23,16747330.0
2020-06-24,17859702.0
2020-06-25,17458014.0
2020-06-26,18415886.0
2020-06-29,17859702.0
2020-06-30,16438340.0
2020-07-01,17087222.0
2020-07-02,16438340.0
2020-07-06,15078778.0
2020-07-07,15696760.0
2020-07-08,15016978.0
2020-07-09,14368098.0
2020-07-10,14522595.0
2020-07-13,15325970.0
2020-07-14,14460796.0
2020-07-15,14584393.0
2020-07-16,14769786.0
2020-07-17,14491696.0
2020-07-20,13657418.0
2020-07-21,13935511.0
2020-07-22,13688319.0
2020-07-23,14368098.0
2020-07-24,15109680.0
2020-07-27,13595620.0
2020-07-28,14398997.0
2020-07-29,13502923.0
2020-07-30,12668645.0
2020-07-31,12884938.0
2020-08-03,12143359.0
2020-08-04,11587175.0
2020-08-05,11618075.0
2020-08-06,11679873.0
2020-08-07,12050665.0
2020-08-10,12050665.0
2020-08-11,12483253.0
2020-08-12,11185489.0
2020-08-13,11556276.0
2020-08-14,11556276.0
2020-08-17,11154589.0
2020-08-18,11370882.0
2020-08-19,11587175.0
2020-08-20,11865268.0
2020-08-21,11618075.0
2020-08-24,11247284.0
2020-08-25,10907395.0
2020-08-26,10814698.0
2020-08-27,11216386.0
2020-08-28,10552055.0
2020-08-31,10595829.0
2020-09-01,9972697.0
2020-09-02,9104946.0
2020-09-03,10680801.0
2020-09-04,11002667.0
2020-09-08,12514149.0
2020-09-09,11435256.0
2020-09-10,11942516.0
2020-09-11,11947666.0
2020-09-14,11216386.0
2020-09-15,10613854.0
2020-09-16,10943442.0
2020-09-17,10984641.0
2020-09-18,11473880.0
2020-09-21,11551126.0
2020-09-22,11133988.0
2020-09-23,11939941.0
2020-09-24,11623224.0
2020-09-25,11108239.0
2020-09-28,10183839.0
2020-09-29,10114314.0
2020-09-30,10096293.0
2020-10-01,9457711.0
2020-10-02,10328034.0
2020-10-05,9292914.0
2020-10-06,9439685.0
2020-10-07,8868052.0
2020-10-08,8548761.0
2020-10-09,8105873.5
2020-10-12,7727357.5
2020-10-13,7765983.0
2020-10-14,7884431.0
2020-10-15,7956529.0
2020-10-16,8056948.0
2020-10-19,8193421.0
2020-10-20,8211444.5
2020-10-21,8396841.0
2020-10-22,8353065.5
2020-10-23,8486962.0
2020-10-26,9025122.0
2020-10-27,9125546.0
2020-10-28,10055094.0
2020-10-29,9225967.0
2020-10-30,9617355.0
2020-11-02,9468010.0
2020-11-03,8919551.0
2020-11-04,7990001.5
2020-11-05,6918831.5
2020-11-06,6584091.5
2020-11-09,6823560.0
2020-11-10,7449266.5
2020-11-11,6633013.5
2020-11-12,6875057.0
2020-11-13,6617565.0
2020-11-16,6123179.0
2020-11-17,6282823.5
2020-11-18,6419296.0
2020-11-19,6125754.0
2020-11-20,6210724.5
2020-11-23,5927484.5
2020-11-24,5832211.0
2020-11-25,5894010.5
2020-11-27,5685441.0
2020-11-30,5451123.0
2020-12-01,5185905.0
2020-12-02,5149857.0
2020-12-03,5139556.0
2020-12-04,4701818.5
2020-12-07,4642595.0
2020-12-08,4585947.0
2020-12-09,4982485.0
2020-12-10,5000510.0
2020-12-11,5139556.0
2020-12-14,4964460.5
2020-12-15,4753317.5
2020-12-16,4761042.0
2020-12-17,4732717.5
2020-12-18,4802240.5
2020-12-21,4889789.0
2020-12-22,4900087.5
2020-12-23,5021109.0
2020-12-24,4874339.0
2020-12-28,4889789.0
2020-12-29,4925837.5
2020-12-30,4678644.0
2020-12-31,4619420.5
2021-01-04,4678644.0
2021-01-05,4410851.5
2021-01-06,4449476.0
2021-01-07,3949939.75
2021-01-08,3939640.0
2021-01-11,3810893.5
2021-01-12,3731070.5
2021-01-13,3723346.0
2021-01-14,3486452.0
2021-01-15,3692446.5
2021-01-19,3321656.75
2021-01-20,3352556.25
2021-01-21,3198060.5
2021-01-22,3370580.75
2021-01-25,3357705.75
2021-01-26,3514776.5
2021-01-27,4055511.5
2021-01-28,3805743.75
2021-01-29,3983413.5
2021-02-01,3519926.75
2021-02-02,3344831.5
2021-02-03,3561125.75
2021-02-04,3465853.0
2021-02-05,3545675.75
2021-02-08,3216085.0
2021-02-09,3257284.25
2021-02-10,3221234.5
2021-02-11,2896793.75
2021-02-12,2778347.0
2021-02-16,2739723.5
2021-02-17,2881344.5
2021-02-18,2968891.75
2021-02-19,2747447.75
2021-02-22,3059014.5
2021-02-23,3115662.5
2021-02-24,2809246.25
2021-02-25,3313932.25
2021-02-26,3071889.5
2021-03-01,2765472.75
2021-03-02,3022965.75
2021-03-03,3303632.75
2021-03-04,3787719.0
2021-03-05,3424654.25
2021-03-08,3978264.5
2021-03-09,3249559.0
2021-03-10,3422079.75
2021-03-11,2999790.75
2021-03-12,3095063.75
2021-03-15,2883919.25
2021-03-16,2780922.0
2021-03-17,2667625.25
2021-03-18,3010091.25
2021-03-19,2896793.75
2021-03-22,2706249.25
2021-03-23,2925118.25
2021-03-24,3046140.25
2021-03-25,3025540.5
2021-03-26,2582653.0
2021-03-29,2711399.25
2021-03-30,2729423.5
2021-03-31,2515704.75
2021-04-01,2242762.25
2021-04-05,2108865.25
2021-04-06,2173239.5
2021-04-07,2180963.75
2021-04-08,2106291.25
2021-04-09,2116591.0
2021-04-12,2188689.0
2021-04-13,2201563.5
2021-04-14,2281386.5
2021-04-15,2160364.75
2021-04-16,2193839.0
2021-04-19,2358634.0
2021-04-20,2469356.0
2021-04-21,2265936.5
2021-04-22,2425582.75
2021-04-23,2278811.0
2021-04-26,2168089.25
2021-04-27,2206714.0
2021-04-28,2304560.5
2021-04-29,2258212.0
2021-04-30,2451331.5
2021-05-03,2536304.0
2021-05-04,2654750.5
2021-05-05,2610977.0
2021-05-06,2546603.75
2021-05-07,2433306.75
2021-05-10,2770622.75
2021-05-11,2742298.25
2021-05-12,3092488.75
2021-05-13,2940567.5
2021-05-14,2683075.25
2021-05-17,2744873.5
2021-05-18,2822121.0
2021-05-19,2649600.75
2021-05-20,2438457.0
2021-05-21,2469356.0
2021-05-24,2301985.75
2021-05-25,2281386.5
2021-05-26,2258212.0
2021-05-27,2217013.0
2021-05-28,2165514.5
2021-06-01,2191263.5
2021-06-02,2139765.0
2021-06-03,2250487.0
2021-06-04,2093416.25
2021-06-07,2134615.5
2021-06-08,2173239.5
2021-06-09,2201563.5
2021-06-10,2124316.0
2021-06-11,2101141.25
2021-06-14,2011018.625
2021-06-15,2065092.75
2021-06-16,2106291.25
2021-06-17,2049642.875
2021-06-18,2193839.0
2021-06-21,2150064.75
2021-06-22,2121740.5
2021-06-23,2103716.0
2021-06-24,1992994.25
2021-06-25,2011018.625
2021-06-28,1861673.0
2021-06-29,1815324.375
2021-06-30,1820474.375
2021-07-01,1902871.875
2021-07-02,1866822.875
2021-07-06,1879697.75
2021-07-07,1956945.625
2021-07-08,2026468.375
2021-07-09,1923470.875
2021-07-12,1853948.125
2021-07-13,1884847.25
2021-07-14,1905446.75
2021-07-15,2026468.375
2021-07-16,2165514.5
2021-07-19,2162939.75
2021-07-20,2070242.25
2021-07-21,1879697.75
2021-07-22,1933770.875
2021-07-23,1889997.25
2021-07-26,1897721.625
2021-07-27,2000719.625
2021-07-28,1895147.0
2021-07-29,1794725.0
2021-07-30,1756101.0
2021-08-02,1722626.875
2021-08-03,1691727.75
2021-08-04,1635079.375
2021-08-05,1642804.25
2021-08-06,1660828.375
2021-08-09,1681427.75
2021-08-10,1738076.625
2021-08-11,1753526.125
2021-08-12,1812749.125
2021-08-13,1776700.25
2021-08-16,1797299.875
2021-08-17,1900296.75
2021-08-18,1987844.625
2021-08-19,1938920.625
2021-08-20,1895147.0
2021-08-23,1745801.375
2021-08-24,1738076.625
2021-08-25,1702027.25
2021-08-26,1699452.5
2021-08-27,1601605.25
2021-08-30,1586155.625
2021-08-31,1622204.5
2021-09-01,1647953.875
2021-09-02,1635079.375
2021-09-03,1599030.25
2021-09-07,1617054.75
2021-09-08,1676278.125
2021-09-09,1658253.375
2021-09-10,1617054.75
2021-09-13,1575856.0
2021-09-14,1568131.0
2021-09-15,1550106.75
2021-09-16,1537231.75
2021-09-17,1606755.125
2021-09-20,1727776.75
2021-09-21,1709752.5
2021-09-22,1604180.375
2021-09-23,1539806.875
2021-09-24,1547531.875
2021-09-27,1552681.125
2021-09-28,1735501.5
2021-09-29,1823049.125
2021-09-30,1823049.125
2021-10-01,1823049.125
2021-10-04,1962095.0
2021-10-05,1871972.375
2021-10-06,1853948.125
2021-10-07,1784425.125
2021-10-08,1833349.0
2021-10-11,1877122.25
2021-10-12,1941495.75
2021-10-13,1908021.625
2021-10-14,1738076.625
2021-10-15,1699452.5
2021-10-18,1658253.375
2021-10-19,1601605.25
2021-10-20,1611904.75
2021-10-21,1557831.25
2021-10-22,1611904.75
2021-10-25,1578430.625
2021-10-26,1575856.0
2021-10-27,1611904.75
2021-10-28,1496033.375
2021-10-29,1480583.625
2021-11-01,1411060.5
2021-11-02,1359562.125
2021-11-03,1308063.5
2021-11-04,1179317.0
2021-11-05,1138118.25
2021-11-08,1089194.5
2021-11-09,1089194.5
2021-11-10,1184467.125
2021-11-11,1109793.875
2021-11-12,1078894.875
2021-11-15,1076319.875
2021-11-16,1032546.375
2021-11-17,1053145.625
2021-11-18,1001647.0625
2021-11-19,988772.375
2021-11-22,1035121.125
2021-11-23,1042845.6875
2021-11-24,1011946.8125
2021-11-26,1094344.5
2021-11-29,960448.125
2021-11-30,1014521.5625
2021-12-01,1037696.0
2021-12-02,1037696.0
2021-12-03,1045420.625
2021-12-06,1047995.625
2021-12-07,890925.125
2021-12-08,906374.5625
2021-12-09,968172.75
2021-12-10,942423.625
2021-12-13,1017096.3125
2021-12-14,1027396.25
2021-12-15,916674.5
2021-12-16,1042845.6875
2021-12-17,1040271.0625
2021-12-20,1063445.375
2021-12-21,957873.125
2021-12-22,932124.0
2021-12-23,896075.0
2021-12-27,823976.9375
2021-12-28,849726.25
2021-12-29,849726.25
2021-12-30,880625.375
2021-12-31,880625.375
2022-01-03,829126.6875
2022-01-04,839426.4375
2022-01-05,921824.25
2022-01-06,898649.9375
2022-01-07,978472.8125
2022-01-10,973322.6875
2022-01-11,919249.3125
2022-01-12,901224.75
2022-01-13,963023.0625
2022-01-14,896075.0
2022-01-18,1011946.8125
2022-01-19,1104644.125
2022-01-20,1212791.375
2022-01-21,1274589.25
2022-01-24,1217940.875
2022-01-25,1364711.75
2022-01-26,1292613.875
2022-01-27,1472858.75
2022-01-28,1390461.0
2022-01-31,1161292.625
2022-02-01,1125243.5
2022-02-02,1042845.6875
2022-02-03,1181892.125
2022-02-04,1158717.375
2022-02-07,1158717.375
2022-02-08,1081469.875
2022-02-09,973322.6875
2022-02-10,1063445.375
2022-02-11,1217940.875
2022-02-14,1217940.875
2022-02-15,1011946.8125
2022-02-16,1014521.5625
2022-02-17,1127818.625
2022-02-18,1158717.375
2022-02-22,1187041.75
2022-02-23,1274589.25
2022-02-24,1132968.25
2022-02-25,1078894.875
2022-02-28,1099494.25
2022-03-01,1212791.375
2022-03-02,1094344.5
2022-03-03,1163867.625
2022-03-04,1248840.125
2022-03-07,1439385.0
2022-03-08,1359562.125
2022-03-09,1192191.625
2022-03-10,1264289.25
2022-03-11,1344112.25
2022-03-14,1467708.875
2022-03-15,1277164.25
2022-03-16,1086619.75
2022-03-17,1060870.25
2022-03-18,993922.3125
2022-03-21,999072.125
2022-03-22,983622.375
2022-03-23,1055720.375
2022-03-24,901224.75
2022-03-25,898649.9375
2022-03-28,882427.875
2022-03-29,823204.5625
2022-03-30,901224.75
2022-03-31,964053.0625
2022-04-01,1018384.0
2022-04-04,970490.4375
2022-04-05,1103614.0
2022-04-06,1180604.5
2022-04-07,1179317.0
2022-04-08,1263774.875
2022-04-11,1343082.375
2022-04-12,1358789.625
2022-04-13,1260427.25
2022-04-14,1371149.125
2022-04-18,1293901.375
2022-04-19,1210731.25
2022-04-20,1221031.0
2022-04-21,1321453.25
2022-04-22,1407970.875
2022-04-25,1336902.75
2022-04-26,1510452.875
2022-04-27,1537747.125
2022-04-28,1279481.5
2022-04-29,1447882.125
2022-05-02,1298021.25
2022-05-03,1262744.875
2022-05-04,1117003.75
2022-05-05,1273816.75
2022-05-06,1312440.875
2022-05-09,1514315.125
2022-05-10,1400245.625
2022-05-11,1532082.25
2022-05-12,1508135.5
2022-05-13,1270469.5
2022-05-16,1331752.875
2022-05-17,1133225.75
2022-05-18,1302398.625
2022-05-19,1324800.375
2022-05-20,1332525.375
2022-05-23,1314243.25
2022-05-24,1413120.625
2022-05-25,1328663.0
2022-05-26,1173909.75
2022-05-27,1033576.25
2022-05-31,1047480.625
2022-06-01,1098464.25
2022-06-02,981047.5
2022-06-03,1065505.25
2022-06-06,1063960.25
2022-06-07,1035378.4375
2022-06-08,1107219.25
2022-06-09,1196568.875
2022-06-10,1327375.25
2022-06-13,1557831.25
2022-06-14,1526417.375
2022-06-15,1442732.25
2022-06-16,1710782.25
2022-06-17,1689925.0
2022-06-21,1552424.125
2022-06-22,1603922.625
2022-06-23,1637396.75
2022-06-24,1421102.5
2022-06-27,1421617.5
2022-06-28,1536202.125
2022-06-29,1644091.875
2022-06-30,1702800.0
2022-07-01,1891027.375
2022-07-05,1846223.25
2022-07-06,1814809.25
2022-07-07,1570963.625
2022-07-08,1546501.875
2022-07-11,1658511.25
2022-07-12,1645636.125
2022-07-13,1610874.875
2022-07-14,1510452.875
2022-07-15,1400245.625
2022-07-18,1420845.25
2022-07-19,1231330.25
2022-07-20,1129878.625
2022-07-21,1080182.375
2022-07-22,1162837.375
2022-07-25,1185496.75
2022-07-26,1244462.75
2022-07-27,1070140.25
2022-07-28,1031001.0625
2022-07-29,1006281.8125
2022-08-01,996754.375
2022-08-02,1001389.5
2022-08-03,919506.75
2022-08-04,895559.9375
2022-08-05,917961.8125
2022-08-08,962507.9375
2022-08-09,1095374.125
2022-08-10,954010.8125
2022-08-11,961993.1875
2022-08-12,873415.5625
2022-08-15,864660.75
2022-08-16,891439.9375
2022-08-17,959160.75
2022-08-18,891439.9375
2022-08-19,965340.625
2022-08-22,1074260.125
2022-08-23,1051343.0
2022-08-24,1049283.125
2022-08-25,929806.5
2022-08-26,1094086.75
2022-08-29,1158460.125
2022-08-30,1203006.375
2022-08-31,1238798.125
2022-09-01,1310638.5
2022-09-02,1351064.75
2022-09-06,1391748.5
2022-09-07,1324027.875
2022-09-08,1255534.875
2022-09-09,1165670.0
2022-09-12,1153052.75
2022-09-13,1368316.875
2022-09-14,1318362.875
2022-09-15,1382478.875
2022-09-16,1361879.625
2022-09-19,1339219.875
2022-09-20,1400503.375
2022-09-21,1433462.5
2022-09-22,1556286.5
2022-09-23,1622204.5
2022-09-26,1693530.125
2022-09-27,1640486.625
2022-09-28,1577143.375
2022-09-29,1727519.375
2022-09-30,1821246.625
2022-10-03,1614737.625
2022-10-04,1395611.125
2022-10-05,1357502.0
2022-10-06,1383251.125
2022-10-07,1627612.0
2022-10-10,1795497.25
2022-10-11,1946388.125
2022-10-12,2001233.875
2022-10-13,1818671.75
2022-10-14,2061229.75
2022-10-17,1937633.5
2022-10-18,1912399.0
2022-10-19,1865278.0
2022-10-20,1832318.5
2022-10-21,1635079.375
2022-10-24,1603922.625
2022-10-25,1503500.25
2022-10-26,1548046.875
2022-10-27,1629414.625
2022-10-28,1437067.25
2022-10-31,1529249.375
2022-11-01,1494745.875
2022-11-02,1637139.25
2022-11-03,1705374.625
2022-11-04,1463074.125
2022-11-07,1366256.75
2022-11-08,1285146.375
2022-11-09,1406168.125
2022-11-10,972550.3125
2022-11-11,872643.0625
2022-11-14,903027.25
2022-11-15,823976.9375
2022-11-16,931351.5625
2022-11-17,905344.625
2022-11-18,900452.3125
2022-11-21,945771.0625
2022-11-22,861055.9375
2022-11-23,833504.1875
2022-11-25,865948.25
2022-11-28,934183.75
2022-11-29,940621.25
2022-11-30,772735.8125
2022-12-01,790760.3125
2022-12-02,818569.625
2022-12-05,846121.1875
2022-12-06,905087.25
2022-12-07,905344.625
2022-12-08,831701.6875
2022-12-09,855648.625
2022-12-12,806467.4375
2022-12-13,767071.0625
2022-12-14,802862.5625
2022-12-15,902769.6875
2022-12-16,926201.625
2022-12-19,961735.4375
2022-12-20,979383.0625
2022-12-21,910496.0
2022-12-22,1024275.875
2022-12-23,1023243.9375
2022-12-27,1080004.625
2022-12-28,1124897.25
2022-12-29,1013955.6875
2022-12-30,1019373.75
2023-01-03,1054978.5
2023-01-04,969062.9375
2023-01-05,1022469.6875
2023-01-06,879535.5
2023-01-09,828450.75
2023-01-10,796458.3125
2023-01-11,766529.875
2023-01-12,741503.375
2023-01-13,734021.3125
2023-01-17,727313.1875
2023-01-18,740729.3125
2023-01-19,803682.4375
2023-01-20,729635.25
2023-01-23,620499.5
2023-01-24,631593.75
2023-01-25,626949.5625
2023-01-26,597795.1875
2023-01-27,609405.375
2023-01-30,655330.0625
2023-01-31,621015.5625
2023-02-01,524006.09375
2023-02-02,489949.5
2023-02-03,516523.90625
2023-02-06,541808.375
2023-02-07,490207.59375
2023-02-08,521684.125
2023-02-09,518071.96875
2023-02-10,544130.5
2023-02-13,520910.0
2023-02-14,492013.53125
2023-02-15,486337.53125
2023-02-16,521942.0625
2023-02-17,547226.375
2023-02-21,601149.3125
2023-02-22,610179.4375
2023-02-23,549806.4375
2023-02-24,578702.9375
2023-02-27,569930.8125
2023-02-28,566060.75
2023-03-01,564512.75
2023-03-02,552128.5625
2023-03-03,528134.25
2023-03-06,545678.375
2023-03-07,563738.625
2023-03-08,519104.03125
2023-03-09,550064.5
2023-03-10,581025.0625
2023-03-13,582572.9375
2023-03-14,529424.1875
2023-03-15,549548.5
2023-03-16,486337.53125
2023-03-17,493819.6875
2023-03-20,478081.34375
2023-03-21,477507.9375
2023-03-22,490279.71875
2023-03-23,450921.84375
2023-03-24,474380.15625
2023-03-27,492625.53125
2023-03-28,503572.78125
2023-03-29,454831.53125
2023-03-30,433979.65625
2023-03-31,424335.71875
2023-04-03,436586.125
2023-04-04,461347.75
2023-04-05,486630.625
2023-04-06,493668.15625
2023-04-10,468906.5625
2023-04-11,476726.03125
2023-04-12,501748.25
2023-04-13,490540.40625
2023-04-14,492625.53125
2023-04-17,493407.4375
2023-04-18,486109.3125
2023-04-19,503051.5
2023-04-20,504354.71875
2023-04-21,516083.875
2023-04-24,523903.375
2023-04-25,577336.25
2023-04-26,567171.0625
2023-04-27,561176.0
2023-04-28,532244.1875
2023-05-01,517387.09375
2023-05-02,529116.375
2023-05-03,547101.125
2023-05-04,557005.6875
2023-05-05,520775.5625
2023-05-08,513998.78125
2023-05-09,540584.9375
2023-05-10,524424.6875
2023-05-11,534589.875
2023-05-12,535371.875
2023-05-15,493928.78125
2023-05-16,496274.625
2023-05-17,460305.1875
2023-05-18,416516.25
2023-05-19,423553.75
2023-05-22,419383.3125
2023-05-23,435022.25
2023-05-24,457959.3125
2023-05-25,367514.28125
2023-05-26,295836.0
2023-05-30,296617.9375
2023-05-31,319294.375
2023-06-01,303916.09375
2023-06-02,305479.96875
2023-06-05,320597.625
2023-06-06,309129.03125
2023-06-07,310171.6875
2023-06-08,301309.59375
2023-06-09,299224.34375
2023-06-12,270553.125
2023-06-13,259345.1875
2023-06-14,248919.265625
2023-06-15,255435.46875
2023-06-16,263254.90625
2023-06-20,268728.53125
2023-06-21,288742.75
2023-06-22,283996.28125
2023-06-23,300345.25
2023-06-26,297180.96875
2023-06-27,266592.625
2023-06-28,273976.03125
2023-06-29,271866.46875
2023-06-30,260264.015625
2023-07-03,253671.734375
2023-07-05,270548.03125
2023-07-06,280568.28125
2023-07-07,280568.28125
2023-07-10,263428.34375
2023-07-11,263164.65625
2023-07-12,249188.9375
2023-07-13,233894.828125
2023-07-14,242332.953125
2023-07-17,225456.703125
2023-07-18,224401.890625
2023-07-19,232312.671875
2023-07-20,258154.515625
2023-07-21,251034.828125
2023-07-24,251298.53125
2023-07-25,238641.296875
2023-07-26,249188.9375
2023-07-27,234685.921875
2023-07-28,220182.84375
2023-07-31,217545.90625
2023-08-01,216754.859375
2023-08-02,241805.609375
2023-08-03,243915.09375
2023-08-04,245760.9375
2023-08-07,237586.5
2023-08-08,249716.375
2023-08-09,263164.65625
2023-08-10,267120.0
2023-08-11,285842.15625
2023-08-14,261846.21875
2023-08-15,275294.46875
2023-08-16,291379.6875
2023-08-17,300081.53125
2023-08-18,295335.0625
2023-08-21,270548.03125
2023-08-22,277404.03125
2023-08-23,261055.09375
2023-08-24,287160.59375
2023-08-25,282677.84375
2023-08-28,272393.84375
2023-08-29,251298.53125
2023-08-30,247870.46875
2023-08-31,242860.34375
2023-09-01,241014.53125
2023-09-05,241541.90625
2023-09-06,247079.4375
2023-09-07,264219.40625
2023-09-08,268702.15625
2023-09-11,269229.5625
2023-09-12,275821.875
2023-09-13,271339.09375
2023-09-14,266328.90625
2023-09-15,289797.53125
2023-09-18,287160.59375
2023-09-19,294359.03125
2023-09-20,309612.21875
2023-09-21,326470.9375
2023-09-22,318442.96875
2023-09-25,312288.1875
2023-09-26,328611.71875
2023-09-27,320316.1875
2023-09-28,302922.1875
2023-09-29,299711.0625
2023-10-02,295697.03125
2023-10-03,314428.96875
2023-10-04,301584.21875
2023-10-05,305865.84375
2023-10-06,287133.90625
2023-10-09,289542.25
2023-10-10,278570.6875
2023-10-11,272415.90625
2023-10-12,270542.75
2023-10-13,292753.5
2023-10-16,280176.3125
2023-10-17,287133.90625
2023-10-18,302387.0625
2023-10-19,316837.34375
2023-10-20,331020.09375
2023-10-23,336104.53125
2023-10-24,322456.96875
2023-10-25,362061.59375
2023-10-26,368751.65625
2023-10-27,357780.0
2023-10-30,372497.96875
2023-10-31,362864.40625
2023-11-01,336907.3125
2023-11-02,313893.75
2023-11-03,289542.25
2023-11-06,291147.875
2023-11-07,286331.0625
2023-11-08,285260.71875
2023-11-09,289809.84375
2023-11-10,255021.96875
2023-11-13,261979.546875
2023-11-14,233881.65625
2023-11-15,228797.25
2023-11-16,228262.078125
2023-11-17,223980.46875
2023-11-20,213544.125
2023-11-21,225586.0625
2023-11-22,223980.46875
2023-11-24,223712.875
2023-11-27,225050.859375
2023-11-28,229064.875
2023-11-29,221839.703125
2023-11-30,226121.265625
2023-12-01,223177.671875
2023-12-04,230938.046875
2023-12-05,235219.640625
2023-12-06,240036.421875
2023-12-07,221036.875
2023-12-08,215952.5
2023-12-11,194009.375
2023-12-12,189995.375
2023-12-13,180629.421875
2023-12-14,166446.640625
2023-12-15,164573.421875
2023-12-18,165643.84375
2023-12-19,163503.078125
2023-12-20,177418.203125
2023-12-21,163354.5625
2023-12-22,161731.875
2023-12-26,153347.78125
2023-12-27,152806.875
2023-12-28,153077.296875
2023-12-29,157404.578125
2024-01-02,173902.296875
2024-01-03,185261.40625
2024-01-04,190129.578125
2024-01-05,187154.59375
2024-01-08,169034.125
2024-01-09,169034.125
2024-01-10,170386.390625
2024-01-11,168763.671875
2024-01-12,171468.203125
2024-01-16,164436.375
2024-01-17,168763.671875
2024-01-18,152536.390625
2024-01-19,134686.390625
2024-01-22,133334.125
2024-01-23,130900.0234375
2024-01-24,125220.5
2024-01-25,126302.2890625
2024-01-26,136850.015625
2024-01-29,132793.21875
2024-01-30,138472.765625
2024-01-31,144693.21875
2024-02-01,143070.5
2024-02-02,137661.390625
2024-02-05,131711.390625
2024-02-06,136309.125
2024-02-07,130359.1171875
2024-02-08,123868.21875
2024-02-09,116565.9453125
2024-02-12,117377.28125
2024-02-13,124138.671875
2024-02-14,116295.4921875
2024-02-15,116295.4921875
2024-02-16,118729.578125
2024-02-20,124679.5625
2024-02-21,125490.9453125
2024-02-22,107100.015625
2024-02-23,110615.9375
2024-02-26,107640.9296875
2024-02-27,107911.3984375
2024-02-28,111427.296875
2024-02-29,102772.75
2024-03-01,89790.921875
2024-03-04,87086.3828125
2024-03-05,91954.5703125
2024-03-06,85734.1015625
2024-03-07,76809.109375
2024-03-08,86004.5625
2024-03-11,89520.4765625
2024-03-12,83840.921875
2024-03-13,90061.375
2024-03-14,94929.5703125
2024-03-15,97093.203125
2024-03-18,97093.203125
2024-03-19,99856.34375
2024-03-20,94658.3515625
2024-03-21,88639.609375
2024-03-22,88092.453125
2024-03-25,89186.7578125
2024-03-26,91375.3984375
2024-03-27,88092.453125
2024-03-28,87818.8828125
2024-04-01,85083.0703125
2024-04-02,88913.1953125
2024-04-03,88366.0390625
2024-04-04,96299.8125
2024-04-05,92743.296875
2024-04-08,92196.140625
2024-04-09,89460.3515625
2024-04-10,93837.609375
2024-04-11,87818.8828125
2024-04-12,96299.8125
2024-04-15,100184.6484375
2024-04-16,98105.453125
2024-04-17,107106.203125
2024-04-18,112906.0703125
2024-04-19,126202.0234375
2024-04-22,120292.7109375
2024-04-23,112659.8515625
2024-04-24,108364.671875
2024-04-25,102427.9921875
2024-04-26,96026.25
2024-04-29,94083.84375
2024-04-30,100047.8671875
2024-05-01,110060.84375
2024-05-02,102865.7109375
2024-05-03,96080.9609375
2024-05-06,90308.4296875
2024-05-07,92442.359375
2024-05-08,92278.203125
2024-05-09,93372.5234375
2024-05-10,90718.8046875
2024-05-13,90281.0859375
2024-05-14,85821.75
2024-05-15,78653.984375
2024-05-16,79912.4375
2024-05-17,81225.6171875
2024-05-20,76082.328125
2024-05-21,76602.140625
2024-05-22,74030.4921875
2024-05-23,75398.3828125
2024-05-24,71130.5546875
2024-05-28,67464.59375
2024-05-29,71923.9296875
2024-05-30,73209.75
2024-05-31,75343.6640625
2024-06-03,74851.234375
2024-06-04,76684.2109375
2024-06-05,66698.5703125
2024-06-06,68257.9609375
2024-06-07,68941.921875
2024-06-10,66014.6328125
2024-06-11,65905.203125
2024-06-12,60460.97265625
2024-06-13,58299.703125
2024-06-14,59147.78515625
2024-06-17,56411.99609375
2024-06-18,54278.08203125
2024-06-20,58737.421875
2024-06-21,60543.04296875
2024-06-24,65713.6953125
2024-06-25,62627.95703125
2024-06-26,63485.87109375
2024-06-27,64482.15625
2024-06-28,62766.32421875
2024-07-01,62849.3515625
2024-07-02,60026.52734375
2024-07-03,57120.671875
2024-07-05,56843.93359375
2024-07-08,53689.01171875
2024-07-09,53772.03515625
2024-07-10,49980.59375
2024-07-11,55045.0703125
2024-07-12,52969.46484375
2024-07-15,53024.8125
2024-07-16,52000.84375
2024-07-17,62960.0390625
2024-07-18,62600.27734375
2024-07-19,68356.6328125
2024-07-22,59777.453125
2024-07-23,62572.6015625
2024-07-24,72480.1640625
2024-07-25,77378.59375
2024-07-26,72729.2421875
2024-07-29,73255.0546875
2024-07-30,81197.7109375
2024-07-31,64786.5859375
2024-08-01,78762.3359375
2024-08-02,91990.859375
2024-08-05,96280.4453125
2024-08-06,93900.4140625
2024-08-07,102064.46875
2024-08-08,80948.6328125
2024-08-09,82360.0546875
2024-08-12,80976.3046875
2024-08-13,71207.1171875
2024-08-14,71871.3125
2024-08-15,61410.2734375
2024-08-16,62019.10546875
2024-08-19,58891.85546875
2024-08-20,61188.8671875
2024-08-21,58670.45703125
2024-08-22,64565.18359375
2024-08-23,59556.0546875
2024-08-26,64067.046875
2024-08-27,61963.76171875
2024-08-28,65312.4140625
2024-08-29,65948.921875
2024-08-30,61078.16796875
2024-09-03,74915.5390625
2024-09-04,74195.9921875
2024-09-05,75524.3828125
2024-09-06,85321.2421875
2024-09-09,80173.7421875
2024-09-10,77683.0234375
2024-09-11,66862.1953125
2024-09-12,67913.8359375
2024-09-13,64454.48046875
2024-09-16,66889.8671875
2024-09-17,66834.5078125
2024-09-18,68965.484375
2024-09-19,60164.8984375
2024-09-20,62821.66796875
2024-09-23,62268.1796875
2024-09-24,59986.1953125
2024-09-25,58811.640625
2024-09-26,52575.30859375
2024-09-27,55092.2109375
2024-09-30,56630.31640625
2024-10-01,61412.43359375
2024-10-02,58755.70703125
2024-10-03,58364.1875
2024-10-04,55987.109375
2024-10-07,56574.3828125
2024-10-08,54784.58203125
2024-10-09,53078.69140625
2024-10-10,54253.2421875
2024-10-11,53022.76171875
2024-10-14,50114.3359375
2024-10-15,57888.76953125
2024-10-16,57888.76953125
2024-10-17,56518.45703125
2024-10-18,56546.421875
2024-10-21,56854.0390625
2024-10-22,57497.2578125
2024-10-23,59007.39453125
2024-10-24,58112.5
2024-10-25,56434.5546875
2024-10-28,56350.66015625
2024-10-29,52295.65234375
2024-10-30,57832.8359375
2024-10-31,64544.58203125
2024-11-01,62726.82421875
2024-11-04,63705.61328125
2024-11-05,61496.328125
2024-11-06,56210.83203125
2024-11-07,52659.20703125
2024-11-08,53889.69140625
2024-11-11,58028.59765625
2024-11-12,59930.2578125
2024-11-13,63873.40234375
2024-11-14,63901.375
2024-11-15,70277.5234375
2024-11-18,67397.078125
2024-11-19,67033.5078125
2024-11-20,68879.2265625
2024-11-21,65523.37109375
2024-11-22,65495.421875
2024-11-25,63565.77734375
2024-11-26,66110.6484375
2024-11-27,68795.34375
2024-11-29,66138.625
2024-12-02,61076.84375
2024-12-03,62111.5703125
2024-12-04,59622.6328125
2024-12-05,63034.43359375
2024-12-06,61915.80859375
2024-12-09,62782.74609375
2024-12-10,67341.140625
2024-12-11,62419.19921875
2024-12-12,63873.40234375
2024-12-13,58476.046875
2024-12-16,55287.97265625
2024-12-17,57609.109375
2024-12-18,64264.91796875
2024-12-19,67341.140625
2024-12-20,64628.48046875
2024-12-23,58768.6171875
2024-12-24,57068.46484375
2024-12-26,57068.46484375
2024-12-27,58570.26953125
2024-12-30,61800.55859375
2024-12-31,63670.73046875
2025-01-02,62678.97265625
2025-01-03,57833.53125
2025-01-06,52789.74609375
2025-01-07,54858.265625
2025-01-08,56558.4140625
2025-01-10,60780.46875
2025-01-13,61177.16796875
2025-01-14,60327.09375
2025-01-15,56643.42578125
2025-01-16,56473.4140625
2025-01-17,51939.66796875
2025-01-21,50012.83203125
2025-01-22,47887.640625
2025-01-23,48171.0
2025-01-24,51259.609375
2025-01-27,62962.32421875
2025-01-28,62338.94140625
2025-01-29,61715.55078125
2025-01-30,57975.21484375
2025-01-31,58400.25
2025-02-03,61403.8515625
2025-02-04,59788.71484375
2025-02-05,56303.39453125
2025-02-06,56671.76171875
2025-02-07,59250.328125
2025-02-10,57040.12109375
2025-02-11,56955.12109375
2025-02-12,56756.7734375
2025-02-13,54631.578125
2025-02-14,54659.91796875
2025-02-18,51911.33203125
2025-02-19,49417.78125
2025-02-20,49049.41015625
2025-02-21,53526.484375
2025-02-24,57181.80859375
2025-02-25,60865.48046875
2025-02-26,57720.19140625
2025-02-27,68062.7890625
2025-02-28,64775.83203125
2025-03-03,71576.4453125
2025-03-04,70471.3359375
2025-03-05,65965.9296875
2025-03-06,74013.3203125
2025-03-07,67722.765625
2025-03-10,76988.59375
2025-03-11,79878.8515625
2025-03-12,74920.0625
2025-03-13,75968.4921875
2025-03-14,69139.5546875
2025-03-17,65795.9140625
2025-03-18,67836.1015625
2025-03-19,66731.0078125
2025-03-20,68204.46875
2025-03-21,70584.6796875
2025-03-24,64464.12109375
2025-03-25,65364.0234375
2025-03-26,71020.5234375
2025-03-27,75077.21875
2025-03-28,82247.8359375
2025-03-31,82819.1953125
2025-04-01,82733.4921875
2025-04-02,81019.390625
2025-04-03,105159.5234375
2025-04-04,130042.4140625
2025-04-07,120986.296875
2025-04-08,134327.65625
2025-04-09,59136.1640625
2025-04-10,72706.0546875
2025-04-11,68163.7109375
2025-04-14,66935.2734375
2025-04-15,65963.9609375
2025-04-16,73734.5078125
2025-04-17,75077.21875
2025-04-21,79019.6328125
2025-04-22,74534.421875
2025-04-23,65992.5234375
2025-04-24,54508.11328125
2025-04-25,53079.70703125
2025-04-28,53479.65625
2025-04-29,55193.75
2025-04-30,53879.61328125
2025-05-01,54136.7265625
2025-05-02,48651.6328125
2025-05-05,49651.5234375
2025-05-06,51279.90625
2025-05-07,48651.6328125
2025-05-08,47137.5234375
2025-05-09,45709.109375
2025-05-12,35824.51171875
2025-05-13,32824.8515625
2025-05-14,32396.330078125
2025-05-15,32996.26171875
2025-05-16,33139.109375
2025-05-19,33767.6015625
2025-05-20,33939.01953125
2025-05-21,35824.51171875
2025-05-22,36824.40234375
2025-05-23,38538.49609375
2025-05-27,34681.78515625
2025-05-28,35253.15234375
2025-05-29,34881.765625
2025-05-30,37024.37890625
2025-06-02,35338.85546875
2025-06-03,32424.8984375
2025-06-04,31053.626953125
2025-06-05,31396.443359375
2025-06-06,30882.21875
2025-06-09,28653.896484375
2025-06-10,26854.1015625
2025-06-11,27139.783203125
2025-06-12,26996.943359375
2025-06-13,29053.8515625
2025-06-16,26368.443359375
2025-06-17,26968.375
2025-06-18,26711.26171875
2025-06-20,27254.056640625
2025-06-23,26768.396484375
2025-06-24,23739.20703125
2025-06-25,23106.92578125
2025-06-26,22618.345703125
2025-06-27,22647.0859375
2025-06-30,22675.828125
2025-07-01,22991.96484375
2025-07-02,21698.66796875
2025-07-03,21411.26953125
2025-07-07,22618.345703125
2025-07-08,21382.529296875
2025-07-09,21152.611328125
2025-07-10,20520.330078125
2025-07-11,20635.291015625
2025-07-14,21210.087890625
2025-07-15,20635.291015625
2025-07-16,20750.25
2025-07-17,20549.0703125
2025-07-18,20577.810546875
2025-07-21,20491.58984375
2025-07-22,21353.791015625
2025-07-23,21727.408203125
2025-07-24,21928.587890625
2025-07-25,21986.068359375
2025-07-28,20778.98828125
2025-07-29,20692.76953125
2025-07-30,20290.41015625
2025-07-31,22187.248046875
2025-08-01,23020.70703125
2025-08-04,22101.02734375
2025-08-05,22560.865234375
2025-08-06,23078.1875
2025-08-07,22014.80859375
2025-08-08,21440.0078125
2025-08-11,21526.228515625
2025-08-12,19456.951171875
2025-08-13,18623.4921875
2025-08-14,18566.013671875
2025-08-15,19859.310546875
2025-08-18,19686.87109375
2025-08-19,20606.55078125
2025-08-20,21037.65234375
2025-08-21,21382.529296875
2025-08-22,19571.91015625
2025-08-25,19715.611328125
2025-08-26,19255.7734375
2025-08-27,19112.0703125
2025-08-28,18882.154296875
2025-08-29,20520.330078125
2025-09-02,21123.869140625
2025-09-03,21468.75
2025-09-04,20750.25
2025-09-05,20117.970703125
2025-09-08,19686.87109375
2025-09-09,19629.392578125
2025-09-10,18594.75390625
2025-09-11,18249.873046875
2025-09-12,18134.912109375
2025-09-15,17703.8125
2025-09-16,17358.93359375
2025-09-17,17416.4140625
2025-09-18,15634.537109375
2025-09-19,15893.1962890625
2025-09-22,15174.6982421875
2025-09-23,15279.2705078125
2025-09-24,15337.3671875
2025-09-25,15511.6552734375
2025-09-26,15424.51171875
2025-09-29,15424.51171875
2025-09-30,15017.8388671875
2025-10-01,14233.541015625
2025-10-02,13362.099609375
2025-10-03,13623.5322265625
2025-10-06,12403.5146484375
2025-10-07,13216.859375
2025-10-08,11880.650390625
2025-10-09,12025.8896484375
2025-10-10,14349.7333984375
2025-10-13,12229.2255859375
2025-10-14,13013.5234375
2025-10-15,11822.5537109375
2025-10-16,11677.3134765625
2025-10-17,11793.505859375
2025-10-20,11212.544921875
2025-10-21,11386.8330078125
2025-10-22,12200.1787109375
2025-10-23,11328.736328125
2025-10-24,10805.8720703125
2025-10-27,9876.333984375
2025-10-28,9847.287109375
2025-10-29,9382.5185546875
2025-10-30,9731.0947265625
2025-10-31,9643.951171875
2025-11-03,9498.7099609375
2025-11-04,10602.5361328125
2025-11-05,9614.90234375
2025-11-06,10370.1513671875
2025-11-07,10689.6806640625
2025-11-10,9876.333984375
2025-11-11,10544.439453125
2025-11-12,10108.7197265625
2025-11-13,11125.400390625
2025-11-14,11212.544921875
2025-11-17,11822.5537109375
2025-11-18,12635.8984375
2025-11-19,11996.8427734375
2025-11-20,13710.6767578125
2025-11-21,13333.0517578125
2025-11-24,11561.1220703125
2025-11-25,11473.9775390625
2025-11-26,10544.439453125
2025-11-28,9963.478515625
2025-12-01,9963.478515625
2025-12-02,9353.470703125
2025-12-03,8772.5087890625
2025-12-04,9062.9892578125
2025-12-05,8743.4609375
2025-12-08,8511.0771484375
2025-12-09,8511.0771484375
2025-12-10,8191.54736328125
2025-12-11,8336.7880859375
2025-12-12,9556.8056640625
2025-12-15,9702.046875
2025-12-16,9847.287109375
2025-12-17,10922.064453125
2025-12-18,10108.7197265625
2025-12-19,9324.4228515625
2025-12-22,9004.892578125
2025-12-23,8860.650390625
2025-12-24,8801.775390625
2025-12-26,8801.775390625
2025-12-29,8890.087890625
2025-12-30,8919.5244140625
2025-12-31,9213.8984375
2026-01-02,8095.2783203125
2026-01-05,7771.46728515625
2026-01-06,7006.09521484375
2026-01-07,7212.1572265625
2026-01-08,7565.40576171875
2026-01-09,6947.220703125
2026-01-12,6829.47119140625
2026-01-13,6682.28466796875
2026-01-14,6711.7216796875
2026-01-15,6387.91064453125
2026-01-16,6152.41162109375
2026-01-20,6387.91064453125
2026-01-21,5799.1630859375
2026-01-22,5769.7255859375
2026-01-23,5946.35009765625
2026-01-26,6064.099609375
2026-01-27,5622.53857421875
2026-01-28,5180.978515625
2026-01-29,5180.978515625
2026-01-30,5799.1630859375
2026-02-02,5445.91455078125
2026-02-03,5799.1630859375
2026-02-04,6564.53515625
2026-02-05,6593.97216796875
2026-02-06,5504.7890625
2026-02-09,5328.1650390625
2026-02-10,5357.6025390625
2026-02-11,4945.4794921875
2026-02-12,5328.1650390625
2026-02-13,5180.978515625
2026-02-17,5210.41552734375
2026-02-18,5033.791015625
2026-02-19,5151.54052734375
2026-02-20,5004.35400390625
2026-02-23,5122.103515625
2026-02-24,4886.6044921875
2026-02-25,4680.54296875
2026-02-26,5063.22900390625
2026-02-27,5269.2900390625
2026-03-02,5269.2900390625
2026-03-03,6064.099609375
2026-03-04,5681.41357421875
2026-03-05,5900.72216796875
2026-03-06,6648.43115234375
2026-03-09,5855.09375
2026-03-10,5713.79443359375
2026-03-11,5553.36083984375
2026-03-12,6145.05224609375
2026-03-13,6078.81787109375
2026-03-16,5719.68212890625
2026-03-17,5603.404296875
2026-03-18,5696.13232421875
2026-03-19,5609.2919921875
2026-03-20,5984.61865234375
2026-03-23,5768.25390625
2026-03-24,5554.29638671875
2026-03-25,5340.78369140625
2026-03-26,6105.87109375
2026-03-27,6390.5546875
2026-03-30,7226.81298828125
2026-03-31,5910.15087890625
2026-04-01,5376.369140625
2026-04-02,5327.43896484375
2026-04-06,5122.82275390625
2026-04-07,4956.75732421875
2026-04-08,3997.432861328125
2026-04-09,3736.47265625
2026-04-10,3512.5810546875
2026-04-13,3324.274658203125
2026-04-14,3121.140869140625
2026-04-15,3104.8310546875
2026-04-16,3006.970947265625
2026-04-17,2797.906494140625
2026-04-20,2762.321044921875
2026-04-21,2698.563720703125
2026-04-22,2490.98193359375
2026-04-23,2327.8818359375
2026-04-24,2004.6473388671875
2026-04-27,2080.266357421875
2026-04-28,2311.57177734375
2026-04-29,2135.127197265625
2026-04-30,1972.02734375
2026-05-01,1924.580078125
2026-05-04,1966.096435546875
2026-05-05,1706.619140625
2026-05-06,1454.555419921875
2026-05-07,1571.69091796875
2026-05-08,1312.213623046875
2026-05-11,1215.83642578125
2026-05-12,1327.0408935546875
2026-05-13,1238.0772705078125
2026-05-14,1226.2154541015625
2026-05-15,1368.5572509765625
2026-05-18,1475.3135986328125
2026-05-19,1472.34814453125
2026-05-20,1266.2491455078125
2026-05-21,1229.180908203125
2026-05-22,1146.148193359375
2026-05-26,62.175697326660156
2026-05-27,64.54806518554688
2026-05-28,62.37339401245117
2026-05-29,62.57109069824219
2026-06-01,61.879150390625
2026-06-02,51.10466766357422
2026-06-03,48.53460693359375
2026-06-04,51.401214599609375
2026-06-05,67.61236572265625
2026-06-08,56.244789123535156
2026-06-09,58.61715316772461
2026-06-10,64.94345092773438
2026-06-11,49.1276969909668
2026-06-12,46.65648651123047
2026-06-15,39.04515075683594
2026-06-16,45.766849517822266
2026-06-17,44.086421966552734
2026-06-18,35.48660659790039
2026-06-22,32.619998931884766
2026-06-23,40.400001525878906
2026-06-24,40.79999923706055
2026-06-25,36.29999923706055
2026-06-26,42.400001525878906
2026-06-29,37.20000076293945
2026-06-30,32.400001525878906
2026-07-01,38.599998474121094
2026-07-02,45.099998474121094
2026-07-06,41.70000076293945
2026-07-07,48.0
2026-07-08,45.0
2026-07-09,40.70000076293945
2026-07-10,40.79999923706055
2026-07-13,46.5
2026-07-14,42.79999923706055
2026-07-15,45.97999954223633
2026-07-16,52.02000045776367
2026-07-17,54.849998474121094
2026-07-20,53.9900016784668
2026-07-21,45.130001068115234
2026-07-22,44.52000045776367
2026-07-23,45.61000061035156
2026-07-24,51.529998779296875
2026-07-27,54.93000030517578
2026-07-28,62.869998931884766
2026-07-29,73.1500015258789
2026-07-30,53.91999816894531
2026-07-31,54.27000045776367
2026-08-03,55.00630187988281
