Date,Close
2007-01-11,23.9664363861084
2007-01-12,23.89733123779297
2007-01-16,23.91878318786621
2007-01-17,23.88304328918457
2007-01-18,23.880674362182617
2007-01-19,23.90449333190918
2007-01-22,23.91878318786621
2007-01-23,23.88304328918457
2007-01-24,23.87350082397461
2007-01-25,23.809186935424805
2007-01-26,23.799644470214844
2007-01-29,23.799644470214844
2007-01-30,23.799644470214844
2007-01-31,23.847305297851562
2007-02-01,23.89726448059082
2007-02-02,23.947433471679688
2007-02-05,23.933090209960938
2007-02-06,24.045408248901367
2007-02-07,24.06930923461914
2007-02-08,24.088436126708984
2007-02-09,24.043033599853516
2007-02-12,24.033447265625
2007-02-13,24.00238800048828
2007-02-14,24.10277557373047
2007-02-15,24.157730102539062
2007-02-16,24.184017181396484
2007-02-20,24.191186904907227
2007-02-21,24.207923889160156
2007-02-22,24.1529483795166
2007-02-23,24.229415893554688
2007-02-26,24.279600143432617
2007-02-27,24.413440704345703
2007-02-28,24.40864372253418
2007-03-01,24.403133392333984
2007-03-02,24.489511489868164
2007-03-05,24.4631290435791
2007-03-06,24.427120208740234
2007-03-07,24.50151824951172
2007-03-08,24.44632339477539
2007-03-09,24.33595848083496
2007-03-12,24.376741409301758
2007-03-13,24.448707580566406
2007-03-14,24.43433952331543
2007-03-15,24.427120208740234
2007-03-16,24.403133392333984
2007-03-19,24.376741409301758
2007-03-20,24.34554672241211
2007-03-21,24.347936630249023
2007-03-22,24.2879581451416
2007-03-23,24.24234962463379
2007-03-26,24.316749572753906
2007-03-27,24.271167755126953
2007-03-28,24.307161331176758
2007-03-29,24.230371475219727
2007-03-30,24.247177124023438
2007-04-02,24.260175704956055
2007-04-03,24.29633331298828
2007-04-04,24.31560516357422
2007-04-05,24.240901947021484
2007-04-09,24.1710147857666
2007-04-10,24.21921730041504
2007-04-11,24.221616744995117
2007-04-12,24.2167911529541
2007-04-13,24.2167911529541
2007-04-16,24.245723724365234
2007-04-17,24.286691665649414
2007-04-18,24.385515213012695
2007-04-19,24.366220474243164
2007-04-20,24.34455680847168
2007-04-23,24.358997344970703
2007-04-24,24.412031173706055
2007-04-25,24.39997673034668
2007-04-26,24.35417366027832
2007-04-27,24.305984497070312
2007-04-30,24.383092880249023
2007-05-01,24.39885711669922
2007-05-02,24.391578674316406
2007-05-03,24.372215270996094
2007-05-04,24.439983367919922
2007-05-07,24.452123641967773
2007-05-08,24.454532623291016
2007-05-09,24.43760108947754
2007-05-10,24.44725799560547
2007-05-11,24.420621871948242
2007-05-14,24.364938735961914
2007-05-15,24.355270385742188
2007-05-16,24.381908416748047
2007-05-17,24.348007202148438
2007-05-18,24.277812957763672
2007-05-21,24.27296257019043
2007-05-22,24.24147605895996
2007-05-23,24.239057540893555
2007-05-24,24.20757484436035
2007-05-25,24.231792449951172
2007-05-29,24.222118377685547
2007-05-30,24.231792449951172
2007-05-31,24.173686981201172
2007-06-01,24.11093521118164
2007-06-04,24.103641510009766
2007-06-05,24.069608688354492
2007-06-06,24.08662986755371
2007-06-07,23.913917541503906
2007-06-08,23.8749942779541
2007-06-11,23.850683212280273
2007-06-12,23.719348907470703
2007-06-13,23.767976760864258
2007-06-14,23.782569885253906
2007-06-15,23.872562408447266
2007-06-18,23.870136260986328
2007-06-19,23.940675735473633
2007-06-20,23.91635513305664
2007-06-21,23.867708206176758
2007-06-22,23.877439498901367
2007-06-25,23.95770835876465
2007-06-26,23.972293853759766
2007-06-27,23.972293853759766
2007-06-28,23.943124771118164
2007-06-29,24.05501937866211
2007-07-02,24.059648513793945
2007-07-03,24.047412872314453
2007-07-05,23.930130004882812
2007-07-06,23.891084671020508
2007-07-09,23.83486557006836
2007-07-10,24.052309036254883
2007-07-11,24.01810073852539
2007-07-12,23.9668025970459
2007-07-13,23.97900390625
2007-07-16,24.049875259399414
2007-07-17,24.001007080078125
2007-07-18,24.047412872314453
2007-07-19,24.062088012695312
2007-07-20,24.123151779174805
2007-07-23,24.147594451904297
2007-07-24,24.113384246826172
2007-07-25,24.132925033569336
2007-07-26,24.189119338989258
2007-07-27,24.184236526489258
2007-07-30,24.081642150878906
2007-07-31,24.118276596069336
2007-08-01,24.147727966308594
2007-08-02,24.204191207885742
2007-08-03,24.226274490356445
2007-08-06,24.17229461669922
2007-08-07,24.19437026977539
2007-08-08,24.128074645996094
2007-08-09,24.081451416015625
2007-08-10,23.99063491821289
2007-08-13,24.135452270507812
2007-08-14,24.145275115966797
2007-08-15,24.017637252807617
2007-08-16,24.280284881591797
2007-08-17,24.2091007232666
2007-08-20,24.25328254699707
2007-08-21,24.37601661682129
2007-08-22,24.282751083374023
2007-08-23,24.19437026977539
2007-08-24,24.24836540222168
2007-08-27,24.349018096923828
2007-08-28,24.3882999420166
2007-08-29,24.41285514831543
2007-08-30,24.496313095092773
2007-08-31,24.42757797241211
2007-09-04,24.426334381103516
2007-09-05,24.58912467956543
2007-09-06,24.48305320739746
2007-09-07,24.539785385131836
2007-09-10,24.601444244384766
2007-09-11,24.58418846130371
2007-09-12,24.534870147705078
2007-09-13,24.50279998779297
2007-09-14,24.48060417175293
2007-09-17,24.48060417175293
2007-09-18,24.561973571777344
2007-09-19,24.492921829223633
2007-09-20,24.418930053710938
2007-09-21,24.48305320739746
2007-09-24,24.48305320739746
2007-09-25,24.55953598022461
2007-09-26,24.495389938354492
2007-09-27,24.544715881347656
2007-09-28,24.554595947265625
2007-10-01,24.67920684814453
2007-10-02,24.681671142578125
2007-10-03,24.6866512298584
2007-10-04,24.773361206054688
2007-10-05,24.528079986572266
2007-10-08,24.555330276489258
2007-10-09,24.639572143554688
2007-10-10,24.67673683166504
2007-10-11,24.65194320678711
2007-10-12,24.62718963623047
2007-10-15,24.590036392211914
2007-10-16,24.666828155517578
2007-10-17,24.874923706054688
2007-10-18,24.84025764465332
2007-10-19,25.021120071411133
2007-10-22,24.951745986938477
2007-10-23,25.00873565673828
2007-10-24,25.08551788330078
2007-10-25,25.08551788330078
2007-10-26,25.055805206298828
2007-10-29,25.09544563293457
2007-10-30,25.080598831176758
2007-10-31,24.979000091552734
2007-11-01,24.99716567993164
2007-11-02,25.121583938598633
2007-11-05,25.032007217407227
2007-11-06,25.017078399658203
2007-11-07,25.022052764892578
2007-11-08,25.022052764892578
2007-11-09,25.18381118774414
2007-11-12,25.2186336517334
2007-11-13,25.03945541381836
2007-11-14,24.92499351501465
2007-11-15,25.109142303466797
2007-11-16,25.134033203125
2007-11-19,25.196239471435547
2007-11-20,25.196239471435547
2007-11-21,25.26593017578125
2007-11-23,25.20619773864746
2007-11-26,25.412748336791992
2007-11-27,25.290809631347656
2007-11-28,25.141483306884766
2007-11-29,25.17633819580078
2007-11-30,25.17633819580078
2007-12-03,25.329805374145508
2007-12-04,25.354774475097656
2007-12-05,25.199831008911133
2007-12-06,24.97490882873535
2007-12-07,24.847423553466797
2007-12-10,24.872425079345703
2007-12-11,24.937406539916992
2007-12-12,24.87744140625
2007-12-13,24.90743064880371
2007-12-14,24.72247314453125
2007-12-17,24.864931106567383
2007-12-18,24.854938507080078
2007-12-19,25.08735466003418
2007-12-20,25.132352828979492
2007-12-21,24.964906692504883
2007-12-24,24.964906692504883
2007-12-26,24.70747947692871
2007-12-27,24.979129791259766
2007-12-28,25.09960174560547
2007-12-31,25.102115631103516
2008-01-02,25.340621948242188
2008-01-03,25.350650787353516
2008-01-04,25.38079261779785
2008-01-07,25.49376106262207
2008-01-08,25.456085205078125
2008-01-09,25.425987243652344
2008-01-10,25.325559616088867
2008-01-11,25.40337371826172
2008-01-14,25.418445587158203
2008-01-15,25.546472549438477
2008-01-16,25.42094612121582
2008-01-17,25.56654167175293
2008-01-18,25.682043075561523
2008-01-22,25.69711685180664
2008-01-23,25.666990280151367
2008-01-24,25.521404266357422
2008-01-25,25.634334564208984
2008-01-28,25.641868591308594
2008-01-29,25.476194381713867
2008-01-30,25.48876190185547
2008-01-31,25.70212745666504
2008-02-01,25.80294418334961
2008-02-04,25.729848861694336
2008-02-05,25.886106491088867
2008-02-06,25.79033088684082
2008-02-07,25.4374942779541
2008-02-08,25.518142700195312
2008-02-11,25.676929473876953
2008-02-12,25.50050926208496
2008-02-13,25.447589874267578
2008-02-14,25.369462966918945
2008-02-15,25.44002342224121
2008-02-19,25.293842315673828
2008-02-20,25.12749671936035
2008-02-21,25.46270179748535
2008-02-22,25.377002716064453
2008-02-25,25.286270141601562
2008-02-26,25.361894607543945
2008-02-27,25.30389976501465
2008-02-28,25.530733108520508
2008-02-29,25.712215423583984
2008-03-03,25.65833282470703
2008-03-04,25.541919708251953
2008-03-05,25.41795539855957
2008-03-06,25.506505966186523
2008-03-07,25.46856689453125
2008-03-10,25.52168083190918
2008-03-11,25.344587326049805
2008-03-12,25.506505966186523
2008-03-13,25.210468292236328
2008-03-14,25.344587326049805
2008-03-17,25.347105026245117
2008-03-18,25.347105026245117
2008-03-19,25.62542152404785
2008-03-20,25.51156997680664
2008-03-24,25.49892234802246
2008-03-25,25.552040100097656
2008-03-26,25.248441696166992
2008-03-27,25.38506507873535
2008-03-28,25.38506507873535
2008-03-31,25.331924438476562
2008-04-01,25.34515380859375
2008-04-02,25.281600952148438
2008-04-03,25.413774490356445
2008-04-04,25.64247703552246
2008-04-07,25.59673500061035
2008-04-08,25.64247703552246
2008-04-09,25.726335525512695
2008-04-10,25.693302154541016
2008-04-11,25.80767822265625
2008-04-14,25.787330627441406
2008-04-15,25.39596176147461
2008-04-16,25.4899845123291
2008-04-17,25.454423904418945
2008-04-18,25.375659942626953
2008-04-21,25.517959594726562
2008-04-22,25.416296005249023
2008-04-23,25.520503997802734
2008-04-24,25.307024002075195
2008-04-25,25.1392822265625
2008-04-28,25.37310028076172
2008-04-29,25.507780075073242
2008-04-30,25.611995697021484
2008-05-01,25.624753952026367
2008-05-02,25.716617584228516
2008-05-05,25.744665145874023
2008-05-06,25.540529251098633
2008-05-07,25.673219680786133
2008-05-08,25.70384979248047
2008-05-09,25.79060173034668
2008-05-12,25.762544631958008
2008-05-13,25.599245071411133
2008-05-14,25.60687828063965
2008-05-15,25.5150146484375
2008-05-16,25.74211883544922
2008-05-19,25.772735595703125
2008-05-20,25.81612777709961
2008-05-21,25.772735595703125
2008-05-22,25.558401107788086
2008-05-23,25.657922744750977
2008-05-27,25.48440170288086
2008-05-28,25.321086883544922
2008-05-29,25.34405517578125
2008-05-30,25.3516902923584
2008-06-02,25.409624099731445
2008-06-03,25.463443756103516
2008-06-04,25.376306533813477
2008-06-05,25.342985153198242
2008-06-06,25.499332427978516
2008-06-09,25.314804077148438
2008-06-10,25.16358184814453
2008-06-11,25.207151412963867
2008-06-12,25.184097290039062
2008-06-13,25.076448440551758
2008-06-16,25.081546783447266
2008-06-17,25.035438537597656
2008-06-18,25.26352882385254
2008-06-19,25.1199951171875
2008-06-20,25.145641326904297
2008-06-23,25.140514373779297
2008-06-24,25.099498748779297
2008-06-25,25.038002014160156
2008-06-26,25.122562408447266
2008-06-27,25.11743927001953
2008-06-30,25.227649688720703
2008-07-01,25.211685180664062
2008-07-02,25.26575469970703
2008-07-03,25.229703903198242
2008-07-07,25.245155334472656
2008-07-08,25.28635025024414
2008-07-09,25.330095291137695
2008-07-10,25.363561630249023
2008-07-11,25.08043670654297
2008-07-14,25.27347183227539
2008-07-15,25.008350372314453
2008-07-16,25.0778751373291
2008-07-17,24.913124084472656
2008-07-18,24.97231101989746
2008-07-21,25.005781173706055
2008-07-22,24.817888259887695
2008-07-23,24.92083740234375
2008-07-24,25.098438262939453
2008-07-25,24.825599670410156
2008-07-28,25.088150024414062
2008-07-29,25.028955459594727
2008-07-30,24.95688819885254
2008-07-31,25.17567253112793
2008-08-01,25.1862850189209
2008-08-04,25.06475067138672
2008-08-05,24.94065284729004
2008-08-06,25.00271224975586
2008-08-07,25.29743766784668
2008-08-08,25.150066375732422
2008-08-11,24.969104766845703
2008-08-12,25.235376358032227
2008-08-13,25.214706420898438
2008-08-14,25.15265464782715
2008-08-15,25.27934455871582
2008-08-18,25.199186325073242
2008-08-19,25.098346710205078
2008-08-20,25.12680435180664
2008-08-21,25.12421417236328
2008-08-22,25.199186325073242
2008-08-25,25.325868606567383
2008-08-26,25.323274612426758
2008-08-27,25.289674758911133
2008-08-28,25.29743766784668
2008-08-29,25.103527069091797
2008-09-02,25.370948791503906
2008-09-03,25.381324768066406
2008-09-04,25.500764846801758
2008-09-05,25.370948791503906
2008-09-08,25.461820602416992
2008-09-09,25.474790573120117
2008-09-10,25.357990264892578
2008-09-11,25.337200164794922
2008-09-12,25.344985961914062
2008-09-15,25.261899948120117
2008-09-16,24.0494441986084
2008-09-17,23.963775634765625
2008-09-18,24.015676498413086
2008-09-19,24.363601684570312
2008-09-22,23.859909057617188
2008-09-23,24.013084411621094
2008-09-24,23.665193557739258
2008-09-25,23.730104446411133
2008-09-26,23.89366912841797
2008-09-29,23.51980209350586
2008-09-30,23.766441345214844
2008-10-01,23.20846176147461
2008-10-02,23.411842346191406
2008-10-03,23.508316040039062
2008-10-06,22.767812728881836
2008-10-07,23.276248931884766
2008-10-08,23.119800567626953
2008-10-09,22.251537322998047
2008-10-10,20.1369571685791
2008-10-13,21.19293975830078
2008-10-14,22.791284561157227
2008-10-15,22.423635482788086
2008-10-16,22.426246643066406
2008-10-17,22.27240753173828
2008-10-20,22.29065704345703
2008-10-21,22.514892578125
2008-10-22,22.637449264526367
2008-10-23,22.522701263427734
2008-10-24,22.44188690185547
2008-10-27,22.379323959350586
2008-10-28,22.285444259643555
2008-10-29,22.374088287353516
2008-10-30,22.533140182495117
2008-10-31,22.202001571655273
2008-11-03,22.727222442626953
2008-11-04,22.894868850708008
2008-11-05,23.232805252075195
2008-11-06,23.222322463989258
2008-11-07,23.049421310424805
2008-11-10,22.79009246826172
2008-11-11,23.169919967651367
2008-11-12,23.32185935974121
2008-11-13,23.08873748779297
2008-11-14,22.94725227355957
2008-11-17,23.143726348876953
2008-11-18,23.052053451538086
2008-11-19,23.02847671508789
2008-11-20,23.172548294067383
2008-11-21,22.85820198059082
2008-11-24,22.86867332458496
2008-11-25,23.2092227935791
2008-11-26,23.151578903198242
2008-11-28,23.24851417541504
2008-12-01,23.511581420898438
2008-12-02,23.498443603515625
2008-12-03,23.577356338500977
2008-12-04,23.764156341552734
2008-12-05,23.711528778076172
2008-12-08,23.82729721069336
2008-12-09,23.86676025390625
2008-12-10,23.8220272064209
2008-12-11,23.793088912963867
2008-12-12,23.987775802612305
2008-12-15,24.058801651000977
2008-12-16,24.4034366607666
2008-12-17,24.700727462768555
2008-12-18,24.926958084106445
2008-12-19,24.858570098876953
2008-12-22,24.982215881347656
2008-12-23,25.074281692504883
2008-12-24,25.103252410888672
2008-12-26,25.20058250427246
2008-12-29,25.485004425048828
2008-12-30,25.360883712768555
2008-12-31,25.154891967773438
2009-01-02,25.12318992614746
2009-01-05,25.102073669433594
2009-01-06,25.165454864501953
2009-01-07,25.049251556396484
2009-01-08,25.234119415283203
2009-01-09,25.37937355041504
2009-01-12,25.47705841064453
2009-01-13,25.403127670288086
2009-01-14,25.358240127563477
2009-01-15,25.352949142456055
2009-01-16,25.405773162841797
2009-01-20,25.37937355041504
2009-01-21,25.12584686279297
2009-01-22,25.11791229248047
2009-01-23,25.12584686279297
2009-01-26,25.043960571289062
2009-01-27,25.32392120361328
2009-01-28,25.239410400390625
2009-01-29,25.10999870300293
2009-01-30,25.099430084228516
2009-02-02,25.372133255004883
2009-02-03,24.918498992919922
2009-02-04,24.982175827026367
2009-02-05,25.069721221923828
2009-02-06,25.064401626586914
2009-02-09,24.984811782836914
2009-02-10,25.324403762817383
2009-02-11,25.27930450439453
2009-02-12,25.263376235961914
2009-02-13,25.205026626586914
2009-02-17,25.390708923339844
2009-02-18,25.106853485107422
2009-02-19,24.830944061279297
2009-02-20,24.708932876586914
2009-02-23,24.80443572998047
2009-02-24,24.80443572998047
2009-02-25,24.279138565063477
2009-02-26,24.38791275024414
2009-02-27,24.478105545043945
2009-03-02,24.411495208740234
2009-03-03,24.23031234741211
2009-03-04,23.931861877441406
2009-03-05,24.264949798583984
2009-03-06,24.161029815673828
2009-03-09,23.70533561706543
2009-03-10,24.01179313659668
2009-03-11,24.15302848815918
2009-03-12,24.083744049072266
2009-03-13,24.123722076416016
2009-03-16,23.825267791748047
2009-03-17,23.85990333557129
2009-03-18,24.456817626953125
2009-03-19,24.443483352661133
2009-03-20,24.19033432006836
2009-03-23,24.246301651000977
2009-03-24,24.15302848815918
2009-03-25,24.035783767700195
2009-03-26,24.161029815673828
2009-03-27,24.102405548095703
2009-03-30,24.134374618530273
2009-03-31,24.270278930664062
2009-04-01,24.10295295715332
2009-04-02,24.11634063720703
2009-04-03,23.950361251831055
2009-04-06,24.135082244873047
2009-04-07,24.14042091369629
2009-04-08,24.156496047973633
2009-04-09,24.148468017578125
2009-04-13,24.501842498779297
2009-04-14,24.659822463989258
2009-04-15,24.59822654724121
2009-04-16,24.59822654724121
2009-04-17,24.59822654724121
2009-04-20,24.80169677734375
2009-04-21,24.633039474487305
2009-04-22,24.844541549682617
2009-04-23,24.879335403442383
2009-04-24,24.932886123657227
2009-04-27,24.844541549682617
2009-04-28,24.970369338989258
2009-04-29,24.812416076660156
2009-04-30,25.03729248046875
2009-05-01,24.892333984375
2009-05-04,25.1505069732666
2009-05-05,25.02680206298828
2009-05-06,25.37373161315918
2009-05-07,25.33340072631836
2009-05-08,25.454410552978516
2009-05-11,25.572751998901367
2009-05-12,25.39255714416504
2009-05-13,25.47056007385254
2009-05-14,25.64805030822754
2009-05-15,25.613080978393555
2009-05-18,25.575435638427734
2009-05-19,25.465173721313477
2009-05-20,25.66956329345703
2009-05-21,25.432884216308594
2009-05-22,25.368375778198242
2009-05-26,25.37912940979004
2009-05-27,25.395252227783203
2009-05-28,25.492074966430664
2009-05-29,25.79595375061035
2009-06-01,25.781627655029297
2009-06-02,25.832965850830078
2009-06-03,26.016672134399414
2009-06-04,25.735700607299805
2009-06-05,25.72219467163086
2009-06-08,25.51148223876953
2009-06-09,25.846467971801758
2009-06-10,25.797832489013672
2009-06-11,25.935623168945312
2009-06-12,26.062585830688477
2009-06-15,26.008575439453125
2009-06-16,26.040979385375977
2009-06-17,26.194990158081055
2009-06-18,26.05990219116211
2009-06-19,26.154460906982422
2009-06-22,26.15174674987793
2009-06-23,26.138254165649414
2009-06-24,26.15987777709961
2009-06-25,26.257110595703125
2009-06-26,26.37598419189453
2009-06-29,26.43003273010254
2009-06-30,26.45164680480957
2009-07-01,26.29265785217285
2009-07-02,26.460886001586914
2009-07-06,26.44458770751953
2009-07-07,26.401172637939453
2009-07-08,26.572101593017578
2009-07-09,26.382184982299805
2009-07-10,26.506980895996094
2009-07-13,26.61821937561035
2009-07-14,26.572101593017578
2009-07-15,26.295377731323242
2009-07-16,26.620929718017578
2009-07-17,26.512414932250977
2009-07-20,26.707752227783203
2009-07-21,26.989910125732422
2009-07-22,26.862394332885742
2009-07-23,26.658905029296875
2009-07-24,26.897676467895508
2009-07-27,26.821706771850586
2009-07-28,26.919389724731445
2009-07-29,26.832565307617188
2009-07-30,27.008907318115234
2009-07-31,27.20155143737793
2009-08-03,27.066133499145508
2009-08-04,26.99802589416504
2009-08-05,27.128808975219727
2009-08-06,27.17511558532715
2009-08-07,27.0252742767334
2009-08-10,27.240495681762695
2009-08-11,27.3331241607666
2009-08-12,26.99802589416504
2009-08-13,27.387622833251953
2009-08-14,27.44483184814453
2009-08-17,27.502029418945312
2009-08-18,27.357629776000977
2009-08-19,27.466623306274414
2009-08-20,27.357629776000977
2009-08-21,27.188730239868164
2009-08-24,27.349451065063477
2009-08-25,27.480224609375
2009-08-26,27.502029418945312
2009-08-27,27.43663215637207
2009-08-28,27.50475311279297
2009-08-31,27.605541229248047
2009-09-01,27.613744735717773
2009-09-02,27.72865867614746
2009-09-03,27.61649513244629
2009-09-04,27.5399112701416
2009-09-08,27.63017463684082
2009-09-09,27.654788970947266
2009-09-10,27.695823669433594
2009-09-11,27.870929718017578
2009-09-14,27.85723114013672
2009-09-15,27.835344314575195
2009-09-16,27.851770401000977
2009-09-17,27.892797470092773
2009-09-18,27.77242660522461
2009-09-21,27.82988166809082
2009-09-22,27.91469383239746
2009-09-23,27.99674415588379
2009-09-24,27.99127197265625
2009-09-25,28.0678768157959
2009-09-28,28.106201171875
2009-09-29,28.051471710205078
2009-09-30,28.065153121948242
2009-10-01,28.207683563232422
2009-10-02,28.0676212310791
2009-10-05,28.108827590942383
2009-10-06,27.9852352142334
2009-10-07,28.0676212310791
2009-10-08,28.012683868408203
2009-10-09,27.68861961364746
2009-10-12,27.82593536376953
2009-10-13,27.823205947875977
2009-10-14,27.614471435546875
2009-10-15,27.58974838256836
2009-10-16,27.71609115600586
2009-10-19,27.732553482055664
2009-10-20,27.93030548095703
2009-10-21,27.76276206970215
2009-10-22,27.823205947875977
2009-10-23,27.718835830688477
2009-10-26,27.680377960205078
2009-10-27,27.8643856048584
2009-10-28,27.91656494140625
2009-10-29,27.91382598876953
2009-10-30,27.960525512695312
2009-11-02,28.071102142333984
2009-11-03,27.94423484802246
2009-11-04,28.09040069580078
2009-11-05,28.018714904785156
2009-11-06,28.068340301513672
2009-11-09,28.029726028442383
2009-11-10,27.980087280273438
2009-11-11,28.065570831298828
2009-11-12,28.004926681518555
2009-11-13,28.14556312561035
2009-11-16,28.17591094970703
2009-11-17,28.31102180480957
2009-11-18,28.203475952148438
2009-11-19,28.12350082397461
2009-11-20,28.079362869262695
2009-11-23,28.197935104370117
2009-11-24,28.29998779296875
2009-11-25,28.366172790527344
2009-11-27,28.391006469726562
2009-11-30,28.421323776245117
2009-12-01,28.298131942749023
2009-12-02,28.30922508239746
2009-12-03,28.311986923217773
2009-12-04,28.212322235107422
2009-12-07,28.140336990356445
2009-12-08,28.25937271118164
2009-12-09,28.168014526367188
2009-12-10,28.22339630126953
2009-12-11,28.170804977416992
2009-12-14,28.22616195678711
2009-12-15,28.084972381591797
2009-12-16,28.212322235107422
2009-12-17,28.251056671142578
2009-12-18,28.20954132080078
2009-12-21,28.168014526367188
2009-12-22,28.076671600341797
2009-12-23,28.11821174621582
2009-12-24,27.94654655456543
2009-12-28,27.899511337280273
2009-12-29,28.054311752319336
2009-12-30,28.037626266479492
2009-12-31,27.94034767150879
2010-01-04,28.09320068359375
2010-01-05,28.182153701782227
2010-01-06,28.084888458251953
2010-01-07,28.209945678710938
2010-01-08,28.2683162689209
2010-01-11,28.154367446899414
2010-01-12,28.293333053588867
2010-01-13,28.190481185913086
2010-01-14,28.343366622924805
2010-01-15,28.38782501220703
2010-01-19,28.25998878479004
2010-01-20,28.415611267089844
2010-01-21,28.468420028686523
2010-01-22,28.46563720703125
2010-01-25,28.43783187866211
2010-01-26,28.376697540283203
2010-01-27,28.393367767333984
2010-01-28,28.41281509399414
2010-01-29,28.521228790283203
2010-02-01,28.458452224731445
2010-02-02,28.517045974731445
2010-02-03,28.472394943237305
2010-02-04,28.547739028930664
2010-02-05,28.464031219482422
2010-02-08,28.50029945373535
2010-02-09,28.399831771850586
2010-02-10,28.279834747314453
2010-02-11,28.173782348632812
2010-02-12,28.27424430847168
2010-02-16,28.293766021728516
2010-02-17,28.246374130249023
2010-02-18,28.23797035217285
2010-02-19,28.357994079589844
2010-02-22,28.30495834350586
2010-02-23,28.44169807434082
2010-02-24,28.51423454284668
2010-02-25,28.55609893798828
2010-02-26,28.58681297302246
2010-03-01,28.65571403503418
2010-03-02,28.72014617919922
2010-03-03,28.72295379638672
2010-03-04,28.72577476501465
2010-03-05,28.588464736938477
2010-03-08,28.683759689331055
2010-03-09,28.728565216064453
2010-03-10,28.706165313720703
2010-03-11,28.658512115478516
2010-03-12,28.728565216064453
2010-03-15,28.72295379638672
2010-03-16,28.77619743347168
2010-03-17,28.86865997314453
2010-03-18,28.832233428955078
2010-03-19,28.82662010192871
2010-03-22,28.82103157043457
2010-03-23,28.787405014038086
2010-03-24,28.622095108032227
2010-03-25,28.59969139099121
2010-03-26,28.652944564819336
2010-03-29,28.636106491088867
2010-03-30,28.647323608398438
2010-03-31,28.65571403503418
2010-04-01,28.63628578186035
2010-04-05,28.47596549987793
2010-04-06,28.571619033813477
2010-04-07,28.720718383789062
2010-04-08,28.656009674072266
2010-04-09,28.740398406982422
2010-04-12,28.760086059570312
2010-04-13,28.793846130371094
2010-04-14,28.734758377075195
2010-04-15,28.878231048583984
2010-04-16,28.948558807373047
2010-04-19,28.869779586791992
2010-04-20,28.93451499938965
2010-04-21,29.030128479003906
2010-04-22,28.93451499938965
2010-04-23,28.92885398864746
2010-04-26,28.94293975830078
2010-04-27,29.080793380737305
2010-04-28,29.013242721557617
2010-04-29,29.075124740600586
2010-04-30,29.1595458984375
2010-05-03,29.128446578979492
2010-05-04,29.264009475708008
2010-05-05,29.244279861450195
2010-05-06,29.148235321044922
2010-05-07,28.922313690185547
2010-05-10,28.772621154785156
2010-05-11,28.826276779174805
2010-05-12,28.973133087158203
2010-05-13,29.004194259643555
2010-05-14,29.122831344604492
2010-05-17,29.119979858398438
2010-05-18,29.235797882080078
2010-05-19,29.241439819335938
2010-05-20,29.199064254760742
2010-05-21,29.269662857055664
2010-05-24,29.218847274780273
2010-05-25,29.207548141479492
2010-05-26,29.159534454345703
2010-05-27,28.967493057250977
2010-05-28,29.125656127929688
2010-06-01,29.123950958251953
2010-06-02,29.02190589904785
2010-06-03,28.98788833618164
2010-06-04,29.200471878051758
2010-06-07,29.262836456298828
2010-06-08,29.186307907104492
2010-06-09,29.186307907104492
2010-06-10,28.9793758392334
2010-06-11,29.104080200195312
2010-06-14,28.98788833618164
2010-06-15,28.993549346923828
2010-06-16,29.038904190063477
2010-06-17,29.157978057861328
2010-06-18,29.112581253051758
2010-06-21,29.19481086730957
2010-06-22,29.29969596862793
2010-06-23,29.288373947143555
2010-06-24,29.339378356933594
2010-06-25,29.384735107421875
2010-06-28,29.523643493652344
2010-06-29,29.464120864868164
2010-06-30,29.577484130859375
2010-07-01,29.537656784057617
2010-07-02,29.537656784057617
2010-07-06,29.60312271118164
2010-07-07,29.586040496826172
2010-07-08,29.523420333862305
2010-07-09,29.523420333862305
2010-07-12,29.523420333862305
2010-07-13,29.489286422729492
2010-07-14,29.62870979309082
2010-07-15,29.714086532592773
2010-07-16,29.79949378967285
2010-07-19,29.807987213134766
2010-07-20,29.813688278198242
2010-07-21,29.998647689819336
2010-07-22,29.964502334594727
2010-07-23,29.893375396728516
2010-07-26,29.938886642456055
2010-07-27,29.842161178588867
2010-07-28,29.938886642456055
2010-07-29,30.041345596313477
2010-07-30,30.18077278137207
2010-08-02,30.097652435302734
2010-08-03,30.243331909179688
2010-08-04,30.07766342163086
2010-08-05,30.237598419189453
2010-08-06,30.303319931030273
2010-08-09,30.300447463989258
2010-08-10,30.331871032714844
2010-08-11,30.45758056640625
2010-08-12,30.426124572753906
2010-08-13,30.511825561523438
2010-08-16,30.740331649780273
2010-08-17,30.626062393188477
2010-08-18,30.691774368286133
2010-08-19,30.794614791870117
2010-08-20,30.763181686401367
2010-08-23,30.80600357055664
2010-08-24,30.923139572143555
2010-08-25,30.851736068725586
2010-08-26,30.923139572143555
2010-08-27,30.5775146484375
2010-08-30,30.82032012939453
2010-08-31,30.823200225830078
2010-09-01,30.767282485961914
2010-09-02,30.684123992919922
2010-09-03,30.509265899658203
2010-09-07,30.761516571044922
2010-09-08,30.72142791748047
2010-09-09,30.57808494567871
2010-09-10,30.460542678833008
2010-09-13,30.66121482849121
2010-09-14,30.701332092285156
2010-09-15,30.615339279174805
2010-09-16,30.546545028686523
2010-09-17,30.601016998291016
2010-09-20,30.626800537109375
2010-09-21,30.82172966003418
2010-09-22,30.818862915039062
2010-09-23,30.815994262695312
2010-09-24,30.68702507019043
2010-09-27,30.89627456665039
2010-09-28,31.045333862304688
2010-09-29,31.008058547973633
2010-09-30,30.92778778076172
2010-10-01,31.001445770263672
2010-10-04,31.03309440612793
2010-10-05,31.047487258911133
2010-10-06,31.217214584350586
2010-10-07,31.260374069213867
2010-10-08,31.222957611083984
2010-10-11,31.205698013305664
2010-10-12,31.024465560913086
2010-10-13,31.04461097717285
2010-10-14,30.949661254882812
2010-10-15,30.782825469970703
2010-10-18,30.969789505004883
2010-10-19,31.0417423248291
2010-10-20,31.056093215942383
2010-10-21,30.958311080932617
2010-10-22,30.995695114135742
2010-10-25,31.067615509033203
2010-10-26,30.90363121032715
2010-10-27,30.81158447265625
2010-10-28,30.915142059326172
2010-10-29,30.958311080932617
2010-11-01,30.9707088470459
2010-11-02,31.04865837097168
2010-11-03,30.999574661254883
2010-11-04,31.201675415039062
2010-11-05,31.01113510131836
2010-11-08,31.045780181884766
2010-11-09,30.835063934326172
2010-11-10,30.817716598510742
2010-11-11,30.7484188079834
2010-11-12,30.526147842407227
2010-11-15,30.300920486450195
2010-11-16,30.40776252746582
2010-11-17,30.45683479309082
2010-11-18,30.503068923950195
2010-11-19,30.52323341369629
2010-11-22,30.624292373657227
2010-11-23,30.679122924804688
2010-11-24,30.404888153076172
2010-11-26,30.54634666442871
2010-11-29,30.592531204223633
2010-11-30,30.572311401367188
2010-12-01,30.363948822021484
2010-12-02,30.323360443115234
2010-12-03,30.305965423583984
2010-12-06,30.491443634033203
2010-12-07,30.224843978881836
2010-12-08,30.07701301574707
2010-12-09,30.19875144958496
2010-12-10,30.03933334350586
2010-12-13,30.04515838623047
2010-12-14,29.92632484436035
2010-12-15,29.795913696289062
2010-12-16,29.917621612548828
2010-12-17,30.137893676757812
2010-12-20,30.123376846313477
2010-12-21,30.169784545898438
2010-12-22,30.14948272705078
2010-12-23,30.12049102783203
2010-12-27,30.175575256347656
2010-12-28,29.97226333618164
2010-12-29,30.184574127197266
2010-12-30,30.178773880004883
2010-12-31,30.286357879638672
2011-01-03,30.315462112426758
2011-01-04,30.33582878112793
2011-01-05,30.140933990478516
2011-01-06,30.21949005126953
2011-01-07,30.367828369140625
2011-01-10,30.373641967773438
2011-01-11,30.33582878112793
2011-01-12,30.318349838256836
2011-01-13,30.46088409423828
2011-01-14,30.318349838256836
2011-01-18,30.303810119628906
2011-01-19,30.3328857421875
2011-01-20,30.204933166503906
2011-01-21,30.321266174316406
2011-01-24,30.315462112426758
2011-01-25,30.463817596435547
2011-01-26,30.34164047241211
2011-01-27,30.402700424194336
2011-01-28,30.466697692871094
2011-01-31,30.376544952392578
2011-02-01,30.352598190307617
2011-02-02,30.279617309570312
2011-02-03,30.18326759338379
2011-02-04,30.14240264892578
2011-02-07,30.189109802246094
2011-02-08,30.127811431884766
2011-02-09,30.247520446777344
2011-02-10,30.139484405517578
2011-02-11,30.262088775634766
2011-02-14,30.267934799194336
2011-02-15,30.311742782592773
2011-02-16,30.276708602905273
2011-02-17,30.340913772583008
2011-02-18,30.384708404541016
2011-02-22,30.513154983520508
2011-02-23,30.440174102783203
2011-02-24,30.507349014282227
2011-02-25,30.574474334716797
2011-02-28,30.647457122802734
2011-03-01,30.634267807006836
2011-03-02,30.555131912231445
2011-03-03,30.402782440185547
2011-03-04,30.537567138671875
2011-03-07,30.50240135192871
2011-03-08,30.484798431396484
2011-03-09,30.57563591003418
2011-03-10,30.701677322387695
2011-03-11,30.71047592163086
2011-03-14,30.733888626098633
2011-03-15,30.719249725341797
2011-03-16,30.95075035095215
2011-03-17,30.83647346496582
2011-03-18,30.839401245117188
2011-03-21,30.780797958374023
2011-03-22,30.786638259887695
2011-03-23,30.736818313598633
2011-03-24,30.689956665039062
2011-03-25,30.62839698791504
2011-03-28,30.645986557006836
2011-03-29,30.584474563598633
2011-03-30,30.62548828125
2011-03-31,30.578582763671875
2011-04-01,30.67035484313965
2011-04-04,30.705652236938477
2011-04-05,30.679176330566406
2011-04-06,30.585052490234375
2011-04-07,30.573318481445312
2011-04-08,30.532133102416992
2011-04-11,30.5556583404541
2011-04-12,30.640932083129883
2011-04-13,30.738006591796875
2011-04-14,30.635059356689453
2011-04-15,30.832107543945312
2011-04-18,30.899763107299805
2011-04-19,30.964487075805664
2011-04-20,30.91155433654785
2011-04-21,30.917415618896484
2011-04-25,30.99388885498047
2011-04-26,31.052719116210938
2011-04-27,31.040956497192383
2011-04-28,31.093894958496094
2011-04-29,31.17037582397461
2011-05-02,31.178316116333008
2011-05-03,31.21670150756836
2011-05-04,31.234416961669922
2011-05-05,31.346582412719727
2011-05-06,31.317058563232422
2011-05-09,31.334793090820312
2011-05-10,31.258018493652344
2011-05-11,31.311166763305664
2011-05-12,31.225555419921875
2011-05-13,31.334793090820312
2011-05-16,31.408580780029297
2011-05-17,31.42038345336914
2011-05-18,31.325931549072266
2011-05-19,31.405611038208008
2011-05-20,31.417449951171875
2011-05-23,31.449922561645508
2011-05-24,31.47058868408203
2011-05-25,31.414474487304688
2011-05-26,31.402694702148438
2011-05-27,31.402694702148438
2011-05-31,31.443988800048828
2011-06-01,31.589162826538086
2011-06-02,31.390670776367188
2011-06-03,31.443992614746094
2011-06-06,31.405502319335938
2011-06-07,31.5062198638916
2011-06-08,31.526954650878906
2011-06-09,31.45881462097168
2011-06-10,31.449934005737305
2011-06-13,31.435115814208984
2011-06-14,31.292903900146484
2011-06-15,31.44105339050293
2011-06-16,31.500289916992188
2011-06-17,31.48251724243164
2011-06-20,31.476585388183594
2011-06-21,31.438098907470703
2011-06-22,31.452880859375
2011-06-23,31.526954650878906
2011-06-24,31.562501907348633
2011-06-27,31.420297622680664
2011-06-28,31.281076431274414
2011-06-29,31.227710723876953
2011-06-30,31.233646392822266
2011-07-01,31.27351188659668
2011-07-05,31.371623992919922
2011-07-06,31.40729331970215
2011-07-07,31.38946533203125
2011-07-08,31.570833206176758
2011-07-11,31.701663970947266
2011-07-12,31.74625015258789
2011-07-13,31.814655303955078
2011-07-14,31.612483978271484
2011-07-15,31.665990829467773
2011-07-18,31.567855834960938
2011-07-19,31.71059226989746
2011-07-20,31.68383026123047
2011-07-21,31.588682174682617
2011-07-22,31.737337112426758
2011-07-25,31.612483978271484
2011-07-26,31.731414794921875
2011-07-27,31.63922691345215
2011-07-28,31.71059226989746
2011-07-29,31.97818374633789
2011-08-01,32.0835075378418
2011-08-02,32.3311882019043
2011-08-03,32.35505676269531
2011-08-04,32.5609245300293
2011-08-05,32.2565803527832
2011-08-08,31.949220657348633
2011-08-09,32.2565803527832
2011-08-10,32.42069625854492
2011-08-11,31.770200729370117
2011-08-12,32.04471206665039
2011-08-15,32.05965042114258
2011-08-16,32.19691467285156
2011-08-17,32.41472625732422
2011-08-18,32.43263244628906
2011-08-19,32.43857955932617
2011-08-22,32.38191604614258
2011-08-23,32.02980422973633
2011-08-24,31.767202377319336
2011-08-25,32.07159423828125
2011-08-26,31.994003295898438
2011-08-29,32.0835075378418
2011-08-30,32.20585250854492
2011-08-31,32.199886322021484
2011-09-01,32.3759651184082
2011-09-02,32.57058334350586
2011-09-06,32.58259582519531
2011-09-07,32.60654830932617
2011-09-08,32.5975341796875
2011-09-09,32.62451171875
2011-09-12,32.513702392578125
2011-09-13,32.47777557373047
2011-09-14,32.49873733520508
2011-09-15,32.36396789550781
2011-09-16,32.372947692871094
2011-09-19,32.50771713256836
2011-09-20,32.50771713256836
2011-09-21,32.61254119873047
2011-09-22,32.648475646972656
2011-09-23,32.4208869934082
2011-09-26,32.352020263671875
2011-09-27,32.23522186279297
2011-09-28,32.136409759521484
2011-09-29,32.08250045776367
2011-09-30,32.26815414428711
2011-10-03,32.33247756958008
2011-10-04,32.15516662597656
2011-10-05,32.2332878112793
2011-10-06,32.16719436645508
2011-10-07,32.07701873779297
2011-10-10,32.08903884887695
2011-10-11,32.14613342285156
2011-10-12,32.173194885253906
2011-10-13,32.21528244018555
2011-10-14,32.16419219970703
2011-10-17,32.19123840332031
2011-10-18,32.305423736572266
2011-10-19,32.40461349487305
2011-10-20,32.47672653198242
2011-10-21,32.51877975463867
2011-10-24,32.575897216796875
2011-10-25,32.76521301269531
2011-10-26,32.71112060546875
2011-10-27,32.63601303100586
2011-10-28,32.65703201293945
2011-10-31,32.816287994384766
2011-11-01,32.86091995239258
2011-11-02,32.97550582885742
2011-11-03,32.978553771972656
2011-11-04,32.97249221801758
2011-11-07,32.96343994140625
2011-11-08,32.83982849121094
2011-11-09,32.851890563964844
2011-11-10,32.818721771240234
2011-11-11,32.737300872802734
2011-11-14,32.82172393798828
2011-11-15,32.58051300048828
2011-11-16,32.54130935668945
2011-11-17,32.47197723388672
2011-11-18,32.5262336730957
2011-11-21,32.3935546875
2011-11-22,32.423702239990234
2011-11-23,32.37546920776367
2011-11-25,32.2518310546875
2011-11-28,32.29405975341797
2011-11-29,32.2518310546875
2011-11-30,32.24279022216797
2011-12-01,32.39280319213867
2011-12-02,32.410945892333984
2011-12-05,32.50166320800781
2011-12-06,32.38370895385742
2011-12-07,32.42000198364258
2011-12-08,32.435096740722656
2011-12-09,32.32624816894531
2011-12-12,32.33834457397461
2011-12-13,32.510746002197266
2011-12-14,32.519798278808594
2011-12-15,32.586360931396484
2011-12-16,32.69521713256836
2011-12-19,32.78896713256836
2011-12-20,32.73452377319336
2011-12-21,32.640769958496094
2011-12-22,32.728485107421875
2011-12-23,32.716407775878906
2011-12-27,32.87474060058594
2011-12-28,32.96271514892578
2011-12-29,32.98091125488281
2011-12-30,33.0537223815918
2012-01-03,32.92936325073242
2012-01-04,32.90204620361328
2012-01-05,32.75946044921875
2012-01-06,32.865631103515625
2012-01-09,32.905094146728516
2012-01-10,33.008201599121094
2012-01-11,33.09011459350586
2012-01-12,33.09920883178711
2012-01-13,33.19628143310547
2012-01-17,33.24485778808594
2012-01-18,33.12956619262695
2012-01-19,33.102237701416016
2012-01-20,33.002159118652344
2012-01-23,33.005191802978516
2012-01-24,32.96271514892578
2012-01-25,33.07194519042969
2012-01-26,33.32067108154297
2012-01-27,33.299434661865234
2012-01-30,33.40256118774414
2012-01-31,33.50571823120117
2012-02-01,33.50937271118164
2012-02-02,33.56416320800781
2012-02-03,33.56110763549805
2012-02-06,33.655433654785156
2012-02-07,33.588478088378906
2012-02-08,33.625003814697266
2012-02-09,33.548912048339844
2012-02-10,33.551963806152344
2012-02-13,33.612815856933594
2012-02-14,33.61587142944336
2012-02-15,33.59455108642578
2012-02-16,33.555023193359375
2012-02-17,33.56416320800781
2012-02-21,33.43939208984375
2012-02-22,33.60066604614258
2012-02-23,33.5915641784668
2012-02-24,33.63413619995117
2012-02-27,33.74671173095703
2012-02-28,33.792354583740234
2012-02-29,33.755821228027344
2012-03-01,33.749427795410156
2012-03-02,33.80437469482422
2012-03-05,33.688385009765625
2012-03-06,33.70668029785156
2012-03-07,33.755516052246094
2012-03-08,33.71584701538086
2012-03-09,33.68531799316406
2012-03-12,33.688385009765625
2012-03-13,33.590694427490234
2012-03-14,33.349578857421875
2012-03-15,33.30683517456055
2012-03-16,33.312923431396484
2012-03-19,33.25798416137695
2012-03-20,33.20304870605469
2012-03-21,33.35873794555664
2012-03-22,33.343467712402344
2012-03-23,33.41673278808594
2012-03-26,33.47776412963867
2012-03-27,33.52354431152344
2012-03-28,33.51133346557617
2012-03-29,33.581546783447266
2012-03-30,33.48996353149414
2012-04-02,33.58488464355469
2012-04-03,33.333824157714844
2012-04-04,33.39812088012695
2012-04-05,33.52670669555664
2012-04-09,33.69206237792969
2012-04-10,33.76860046386719
2012-04-11,33.68287658691406
2012-04-12,33.704322814941406
2012-04-13,33.829837799072266
2012-04-16,33.741031646728516
2012-04-17,33.747161865234375
2012-04-18,33.76247787475586
2012-04-19,33.796165466308594
2012-04-20,33.84206771850586
2012-04-23,33.84206771850586
2012-04-24,33.802310943603516
2012-04-25,33.76552963256836
2012-04-26,33.796165466308594
2012-04-27,33.7900276184082
2012-04-30,33.80839157104492
2012-05-01,33.80778503417969
2012-05-02,33.96746826171875
2012-05-03,33.93983459472656
2012-05-04,34.004329681396484
2012-05-07,34.02888870239258
2012-05-08,34.0565185546875
2012-05-09,34.02888870239258
2012-05-10,33.99510192871094
2012-05-11,34.0565185546875
2012-05-14,34.04425811767578
2012-05-15,34.087242126464844
2012-05-16,34.007408142089844
2012-05-17,33.955177307128906
2012-05-18,33.8170166015625
2012-05-21,33.8170166015625
2012-05-22,33.78630065917969
2012-05-23,33.78935241699219
2012-05-24,33.65117645263672
2012-05-25,33.67265701293945
2012-05-29,33.70645523071289
2012-05-30,33.804718017578125
2012-05-31,33.942909240722656
2012-06-01,34.0922966003418
2012-06-04,33.9197998046875
2012-06-05,33.848976135253906
2012-06-06,33.81201934814453
2012-06-07,33.882850646972656
2012-06-08,33.91057205200195
2012-06-11,33.95984649658203
2012-06-12,33.87051773071289
2012-06-13,33.97831344604492
2012-06-14,33.93520736694336
2012-06-15,34.06455993652344
2012-06-18,34.141571044921875
2012-06-19,34.05224609375
2012-06-20,34.10152816772461
2012-06-21,34.15695571899414
2012-06-22,34.10770034790039
2012-06-25,34.18468475341797
2012-06-26,34.15695571899414
2012-06-27,34.20933532714844
2012-06-28,34.230892181396484
2012-06-29,34.18468475341797
2012-07-02,34.348087310791016
2012-07-03,34.35736846923828
2012-07-05,34.39443588256836
2012-07-06,34.51183319091797
2012-07-09,34.57672119140625
2012-07-10,34.601409912109375
2012-07-11,34.650821685791016
2012-07-12,34.72190475463867
2012-07-13,34.78984069824219
2012-07-16,34.81147384643555
2012-07-17,34.83307647705078
2012-07-18,34.98755645751953
2012-07-19,34.931949615478516
2012-07-20,35.00917434692383
2012-07-23,34.96283721923828
2012-07-24,35.05241394042969
2012-07-25,35.095672607421875
2012-07-26,35.104915618896484
2012-07-27,34.99373245239258
2012-07-30,35.104915618896484
2012-07-31,35.14818572998047
2012-08-01,35.1020393371582
2012-08-02,35.08036804199219
2012-08-03,35.03696060180664
2012-08-06,35.08654022216797
2012-08-07,34.95331573486328
2012-08-08,34.90376663208008
2012-08-09,34.882080078125
2012-08-10,34.97813034057617
2012-08-13,34.96261978149414
2012-08-14,34.83561706542969
2012-08-15,34.65903091430664
2012-08-16,34.59088134765625
2012-08-17,34.68381118774414
2012-08-20,34.69312286376953
2012-08-21,34.714786529541016
2012-08-22,34.91926956176758
2012-08-23,34.99360275268555
2012-08-24,34.96573257446289
2012-08-27,35.0462532043457
2012-08-28,35.0617561340332
2012-08-29,35.033878326416016
2012-08-30,35.0617561340332
2012-08-31,35.24763488769531
2012-09-04,35.246055603027344
2012-09-05,35.264713287353516
2012-09-06,35.078311920166016
2012-09-07,35.1777229309082
2012-09-10,35.155967712402344
2012-09-11,35.13420867919922
2012-09-12,35.07208251953125
2012-09-13,35.155967712402344
2012-09-14,34.972686767578125
2012-09-17,35.11868667602539
2012-09-18,35.13735580444336
2012-09-19,35.2056770324707
2012-09-20,35.18706512451172
2012-09-21,35.25538635253906
2012-09-24,35.2802619934082
2012-09-25,35.35171127319336
2012-09-26,35.3921012878418
2012-09-27,35.38898849487305
2012-09-28,35.3921012878418
2012-10-01,35.470924377441406
2012-10-02,35.47714614868164
2012-10-03,35.542572021484375
2012-10-04,35.439754486083984
2012-10-05,35.38990783691406
2012-10-08,35.43354034423828
2012-10-09,35.470924377441406
2012-10-10,35.470924377441406
2012-10-11,35.59242630004883
2012-10-12,35.68278503417969
2012-10-15,35.73265075683594
2012-10-16,35.71394729614258
2012-10-17,35.64537811279297
2012-10-18,35.58308410644531
2012-10-19,35.66407775878906
2012-10-22,35.57060623168945
2012-10-23,35.62981033325195
2012-10-24,35.59867477416992
2012-10-25,35.520774841308594
2012-10-26,35.63916778564453
2012-10-31,35.76376724243164
2012-11-01,35.61110305786133
2012-11-02,35.604881286621094
2012-11-05,35.5955696105957
2012-11-06,35.480262756347656
2012-11-07,35.58308410644531
2012-11-08,35.66407775878906
2012-11-09,35.61423873901367
2012-11-12,35.62047576904297
2012-11-13,35.64537811279297
2012-11-14,35.57060623168945
2012-11-15,35.561256408691406
2012-11-16,35.5955696105957
2012-11-19,35.63291931152344
2012-11-20,35.517662048339844
2012-11-21,35.52699661254883
2012-11-23,35.53322219848633
2012-11-26,35.57060623168945
2012-11-27,35.62356948852539
2012-11-28,35.58930969238281
2012-11-29,35.604881286621094
2012-11-30,35.64537811279297
2012-12-03,35.64289093017578
2012-12-04,35.614776611328125
2012-12-05,35.72101974487305
2012-12-06,35.70225143432617
2012-12-07,35.65227508544922
2012-12-10,35.67412185668945
2012-12-11,35.614776611328125
2012-12-12,35.524173736572266
2012-12-13,35.45229721069336
2012-12-14,35.51477813720703
2012-12-17,35.41167068481445
2012-12-18,35.305458068847656
2012-12-19,35.405418395996094
2012-12-20,35.402313232421875
2012-12-21,35.4304313659668
2012-12-24,35.47105407714844
2012-12-26,35.50551223754883
2012-12-27,35.57135772705078
2012-12-28,35.637168884277344
2012-12-31,35.46791458129883
2013-01-02,35.57760238647461
2013-01-03,35.46165084838867
2013-01-04,35.442832946777344
2013-01-07,35.49925994873047
2013-01-08,35.574462890625
2013-01-09,35.587005615234375
2013-01-10,35.5368766784668
2013-01-11,35.55568313598633
2013-01-14,35.5368766784668
2013-01-15,35.568214416503906
2013-01-16,35.63090133666992
2013-01-17,35.54941177368164
2013-01-18,35.57760238647461
2013-01-22,35.57135772705078
2013-01-23,35.565086364746094
2013-01-24,35.53374481201172
2013-01-25,35.3739013671875
2013-01-28,35.29550552368164
2013-01-29,35.232845306396484
2013-01-30,35.18894577026367
2013-01-31,35.19209289550781
2013-02-01,35.14494705200195
2013-02-04,35.22352600097656
2013-02-05,35.15123748779297
2013-02-06,35.25183868408203
2013-02-07,35.239253997802734
2013-02-08,35.28636169433594
2013-02-11,35.280086517333984
2013-02-12,35.24237060546875
2013-02-13,35.182674407958984
2013-02-14,35.24237060546875
2013-02-15,35.248680114746094
2013-02-19,35.201515197753906
2013-02-20,35.22666549682617
2013-02-21,35.264400482177734
2013-02-22,35.29896926879883
2013-02-25,35.46556091308594
2013-02-26,35.43095779418945
2013-02-27,35.42782974243164
2013-02-28,35.440399169921875
2013-03-01,35.50814437866211
2013-03-04,35.467193603515625
2013-03-05,35.435672760009766
2013-03-06,35.39467239379883
2013-03-07,35.2969970703125
2013-03-08,35.22135925292969
2013-03-11,35.17410659790039
2013-03-12,35.25918197631836
2013-03-13,35.24658966064453
2013-03-14,35.23082733154297
2013-03-15,35.32221984863281
2013-03-18,35.3695068359375
2013-03-19,35.40729904174805
2013-03-20,35.29069137573242
2013-03-21,35.40099334716797
2013-03-22,35.37579345703125
2013-03-25,35.350547790527344
2013-03-26,35.40099334716797
2013-03-27,35.46403884887695
2013-03-28,35.47663497924805
2013-04-01,35.497169494628906
2013-04-02,35.465599060058594
2013-04-03,35.588809967041016
2013-04-04,35.689903259277344
2013-04-05,35.835296630859375
2013-04-08,35.82582473754883
2013-04-09,35.84478759765625
2013-04-10,35.75630569458008
2013-04-11,35.800575256347656
2013-04-12,35.89533233642578
2013-04-15,35.939605712890625
2013-04-16,35.95854568481445
2013-04-17,35.986995697021484
2013-04-18,35.996482849121094
2013-04-19,35.996482849121094
2013-04-22,36.00908660888672
2013-04-23,36.06283187866211
2013-04-24,36.06914138793945
2013-04-25,36.053340911865234
2013-04-26,36.14814376831055
2013-04-29,36.15446090698242
2013-04-30,36.1418342590332
2013-05-01,36.19918441772461
2013-05-02,36.221378326416016
2013-05-03,36.015419006347656
2013-05-06,36.00590515136719
2013-05-07,35.99005889892578
2013-05-08,35.97421646118164
2013-05-09,35.942508697509766
2013-05-10,35.82526397705078
2013-05-13,35.790435791015625
2013-05-14,35.68587112426758
2013-05-15,35.73335647583008
2013-05-16,35.86330032348633
2013-05-17,35.7999267578125
2013-05-20,35.77141189575195
2013-05-21,35.76509094238281
2013-05-22,35.600303649902344
2013-05-23,35.568603515625
2013-05-24,35.546424865722656
2013-05-28,35.31510925292969
2013-05-29,35.296104431152344
2013-05-30,35.27709197998047
2013-05-31,35.115482330322266
2013-06-03,35.10438537597656
2013-06-04,35.02492904663086
2013-06-05,34.98997116088867
2013-06-06,35.06623077392578
2013-06-07,34.875587463378906
2013-06-10,34.77393341064453
2013-06-11,34.72624588012695
2013-06-12,34.621402740478516
2013-06-13,34.875587463378906
2013-06-14,34.95503234863281
2013-06-17,34.8883056640625
2013-06-18,34.85969543457031
2013-06-19,34.4561653137207
2013-06-20,34.211490631103516
2013-06-21,33.839744567871094
2013-06-24,33.693599700927734
2013-06-25,33.76348114013672
2013-06-26,33.928688049316406
2013-06-27,34.1415901184082
2013-06-28,34.1415901184082
2013-07-01,34.23052215576172
2013-07-02,34.29105758666992
2013-07-03,34.22732162475586
2013-07-05,33.88633346557617
2013-07-08,34.00745391845703
2013-07-09,34.07118606567383
2013-07-10,33.978763580322266
2013-07-11,34.22732162475586
2013-07-12,34.20820236206055
2013-07-15,34.30382537841797
2013-07-16,34.34521484375
2013-07-17,34.45357894897461
2013-07-18,34.47587966918945
2013-07-19,34.58742141723633
2013-07-22,34.609718322753906
2013-07-23,34.57466506958008
2013-07-24,34.42807388305664
2013-07-25,34.39302444458008
2013-07-26,34.42807388305664
2013-07-29,34.36754608154297
2013-07-30,34.342071533203125
2013-07-31,34.39622497558594
2013-08-01,34.22555923461914
2013-08-02,34.350189208984375
2013-08-05,34.25112533569336
2013-08-06,34.27988815307617
2013-08-07,34.32143020629883
2013-08-08,34.37894058227539
2013-08-09,34.37894058227539
2013-08-12,34.32143020629883
2013-08-13,34.14886474609375
2013-08-14,34.14567947387695
2013-08-15,33.95072937011719
2013-08-16,33.838871002197266
2013-08-19,33.6950798034668
2013-08-20,33.800537109375
2013-08-21,33.65992736816406
2013-08-22,33.720664978027344
2013-08-23,33.86445999145508
2013-08-26,33.91559982299805
2013-08-27,33.9986686706543
2013-08-28,33.98590850830078
2013-08-29,34.030635833740234
2013-08-30,33.9986686706543
2013-09-03,33.92622756958008
2013-09-04,33.84930419921875
2013-09-05,33.6826286315918
2013-09-06,33.73391342163086
2013-09-09,33.79479217529297
2013-09-10,33.701839447021484
2013-09-11,33.8460807800293
2013-09-12,33.82365417480469
2013-09-13,33.8428955078125
2013-09-16,33.90058898925781
2013-09-17,34.01921081542969
2013-09-18,34.285240173339844
2013-09-19,34.19871520996094
2013-09-20,34.23393249511719
2013-09-23,34.30447769165039
2013-09-24,34.40384292602539
2013-09-25,34.474342346191406
2013-09-26,34.41986083984375
2013-09-27,34.394203186035156
2013-09-30,34.34613037109375
2013-10-01,34.33327865600586
2013-10-02,34.39435958862305
2013-10-03,34.40079116821289
2013-10-04,34.436161041259766
2013-10-07,34.42005920410156
2013-10-08,34.4072151184082
2013-10-09,34.36541748046875
2013-10-10,34.410423278808594
2013-10-11,34.42650604248047
2013-10-14,34.34614181518555
2013-10-15,34.38469696044922
2013-10-16,34.54865264892578
2013-10-17,34.69009780883789
2013-10-18,34.722232818603516
2013-10-21,34.72865676879883
2013-10-22,34.84437942504883
2013-10-23,34.88938522338867
2013-10-24,34.847591400146484
2013-10-25,34.86366653442383
2013-10-28,34.90224838256836
2013-10-29,34.89262008666992
2013-10-30,34.815460205078125
2013-10-31,34.831504821777344
2013-11-01,34.7057991027832
2013-11-04,34.7315788269043
2013-11-05,34.609073638916016
2013-11-06,34.71223449707031
2013-11-07,34.69287109375
2013-11-08,34.422080993652344
2013-11-11,34.376914978027344
2013-11-12,34.376914978027344
2013-11-13,34.45752716064453
2013-11-14,34.58326721191406
2013-11-15,34.64129638671875
2013-11-18,34.715457916259766
2013-11-19,34.65420913696289
2013-11-20,34.5123405456543
2013-11-21,34.605857849121094
2013-11-22,34.683197021484375
2013-11-25,34.70256042480469
2013-11-26,34.75735855102539
2013-11-27,34.7315788269043
2013-11-29,34.783180236816406
2013-12-02,34.657047271728516
2013-12-03,34.676448822021484
2013-12-04,34.634403228759766
2013-12-05,34.5341682434082
2013-12-06,34.59560775756836
2013-12-09,34.61826705932617
2013-12-10,34.75727844238281
2013-12-11,34.69584274291992
2013-12-12,34.64412307739258
2013-12-13,34.69584274291992
2013-12-16,34.70231628417969
2013-12-17,34.770206451416016
2013-12-18,34.77669906616211
2013-12-19,34.718475341796875
2013-12-20,34.81873321533203
2013-12-23,34.75405502319336
2013-12-24,34.69907760620117
2013-12-26,34.70169448852539
2013-12-27,34.65950012207031
2013-12-30,34.75687789916992
2013-12-31,34.682220458984375
2014-01-02,34.740604400634766
2014-01-03,34.75687789916992
2014-01-06,34.850929260253906
2014-01-07,34.86713409423828
2014-01-08,34.760093688964844
2014-01-09,34.83794021606445
2014-01-10,35.026119232177734
2014-01-13,35.03910827636719
2014-01-14,35.00017166137695
2014-01-15,34.980682373046875
2014-01-16,35.058563232421875
2014-01-17,35.136436462402344
2014-01-21,35.136436462402344
2014-01-22,35.078025817871094
2014-01-23,35.12993621826172
2014-01-24,35.12019348144531
2014-01-27,35.05532455444336
2014-01-28,35.14939880371094
2014-01-29,35.2013053894043
2014-01-30,35.204566955566406
2014-01-31,35.27268600463867
2014-02-03,35.421363830566406
2014-02-04,35.372562408447266
2014-02-05,35.35954284667969
2014-02-06,35.320533752441406
2014-02-07,35.36932373046875
2014-02-10,35.401851654052734
2014-02-11,35.32378005981445
2014-02-12,35.27171325683594
2014-02-13,35.35630416870117
2014-02-14,35.395355224609375
2014-02-18,35.4473991394043
2014-02-19,35.40834426879883
2014-02-20,35.382320404052734
2014-02-21,35.4473991394043
2014-02-24,35.470157623291016
2014-02-25,35.56776428222656
2014-02-26,35.64908218383789
2014-02-27,35.658851623535156
2014-02-28,35.694618225097656
2014-03-03,35.763465881347656
2014-03-04,35.65254211425781
2014-03-05,35.62647247314453
2014-03-06,35.54818344116211
2014-03-07,35.469886779785156
2014-03-10,35.44053268432617
2014-03-11,35.450321197509766
2014-03-12,35.52861022949219
2014-03-13,35.66886901855469
2014-03-14,35.632972717285156
2014-03-17,35.564476013183594
2014-03-18,35.63950729370117
2014-03-19,35.476409912109375
2014-03-20,35.50249481201172
2014-03-21,35.57752990722656
2014-03-24,35.629722595214844
2014-03-25,35.64276885986328
2014-03-26,35.71125793457031
2014-03-27,35.727603912353516
2014-03-28,35.73735809326172
2014-03-31,35.7210578918457
2014-04-01,35.70306396484375
2014-04-02,35.63438415527344
2014-04-03,35.66708755493164
2014-04-04,35.79139709472656
2014-04-07,35.84698486328125
2014-04-08,35.954925537109375
2014-04-09,35.941864013671875
2014-04-10,36.010536193847656
2014-04-11,36.0955810546875
2014-04-14,36.07926559448242
2014-04-15,36.128299713134766
2014-04-16,36.115211486816406
2014-04-17,35.94839096069336
2014-04-21,35.96149826049805
2014-04-22,35.98110580444336
2014-04-23,36.06940460205078
2014-04-24,36.10211944580078
2014-04-25,36.0955810546875
2014-04-28,36.05632019042969
2014-04-29,36.08250045776367
2014-04-30,36.14793395996094
2014-05-01,36.30109786987305
2014-05-02,36.284706115722656
2014-05-05,36.107582092285156
2014-05-06,36.271602630615234
2014-05-07,36.29454803466797
2014-05-08,36.30438232421875
2014-05-09,36.26503372192383
2014-05-12,36.225677490234375
2014-05-13,36.30438232421875
2014-05-14,36.4421501159668
2014-05-15,36.534000396728516
2014-05-16,36.51759719848633
2014-05-19,36.455257415771484
2014-05-20,36.48808670043945
2014-05-21,36.43232345581055
2014-05-22,36.37981414794922
2014-05-23,36.42576217651367
2014-05-27,36.52086639404297
2014-05-28,36.65864562988281
2014-05-29,36.65209197998047
2014-05-30,36.64553451538086
2014-06-02,36.499820709228516
2014-06-03,36.36495590209961
2014-06-04,36.332061767578125
2014-06-05,36.39455032348633
2014-06-06,36.45048522949219
2014-06-09,36.39455032348633
2014-06-10,36.33864212036133
2014-06-11,36.34521484375
2014-06-12,36.489952087402344
2014-06-13,36.332061767578125
2014-06-16,36.44060516357422
2014-06-17,36.315608978271484
2014-06-18,36.43073654174805
2014-06-19,36.35838317871094
2014-06-20,36.41758346557617
2014-06-23,36.39455032348633
2014-06-24,36.549156188964844
2014-06-25,36.59519958496094
2014-06-26,36.64451599121094
2014-06-27,36.631370544433594
2014-06-30,36.65439224243164
2014-07-01,36.55248260498047
2014-07-02,36.407371520996094
2014-07-03,36.35790252685547
2014-07-07,36.42387390136719
2014-07-08,36.5458984375
2014-07-09,36.58547592163086
2014-07-10,36.595359802246094
2014-07-11,36.66462326049805
2014-07-14,36.62175750732422
2014-07-15,36.559078216552734
2014-07-16,36.62504196166992
2014-07-17,36.763572692871094
2014-07-18,36.727294921875
2014-07-21,36.71738815307617
2014-07-22,36.793270111083984
2014-07-23,36.82624816894531
2014-07-24,36.740482330322266
2014-07-25,36.829532623291016
2014-07-28,36.77015686035156
2014-07-29,36.82624816894531
2014-07-30,36.69430923461914
2014-07-31,36.63494873046875
2014-08-01,36.69578552246094
2014-08-04,36.70903778076172
2014-08-05,36.78178024291992
2014-08-06,36.785064697265625
2014-08-07,36.88099670410156
2014-08-08,36.83469772338867
2014-08-11,36.82809066772461
2014-08-12,36.785064697265625
2014-08-13,36.871070861816406
2014-08-14,36.927303314208984
2014-08-15,37.00334167480469
2014-08-18,36.96037292480469
2014-08-19,36.920677185058594
2014-08-20,36.85123825073242
2014-08-21,36.927303314208984
2014-08-22,36.98350524902344
2014-08-25,37.00334167480469
2014-08-26,37.03314208984375
2014-08-27,37.11579132080078
2014-08-28,37.185237884521484
2014-08-29,37.17532730102539
2014-09-02,37.017154693603516
2014-09-03,37.017154693603516
2014-09-04,36.88780975341797
2014-09-05,36.881202697753906
2014-09-08,36.89447021484375
2014-09-09,36.79495620727539
2014-09-10,36.71872329711914
2014-09-11,36.69879913330078
2014-09-12,36.569480895996094
2014-09-15,36.569480895996094
2014-09-16,36.536319732666016
2014-09-17,36.483280181884766
2014-09-18,36.53300476074219
2014-09-19,36.63581085205078
2014-09-22,36.66233444213867
2014-09-23,36.728633880615234
2014-09-24,36.65900802612305
2014-09-25,36.75849151611328
2014-09-26,36.69218063354492
2014-09-29,36.70546340942383
2014-09-30,36.64907455444336
2014-10-01,36.85955810546875
2014-10-02,36.839595794677734
2014-10-03,36.94268035888672
2014-10-06,36.9759407043457
2014-10-07,37.082332611083984
2014-10-08,37.22201156616211
2014-10-09,37.1588020324707
2014-10-10,37.198692321777344
2014-10-13,37.27186965942383
2014-10-14,37.35166931152344
2014-10-15,37.331729888916016
2014-10-16,37.29515838623047
2014-10-17,37.28517532348633
2014-10-20,37.34504318237305
2014-10-21,37.35831069946289
2014-10-22,37.27852249145508
2014-10-23,37.18208312988281
2014-10-24,37.21204376220703
2014-10-27,37.25189971923828
2014-10-28,37.17875289916992
2014-10-29,37.128883361816406
2014-10-30,37.142189025878906
2014-10-31,37.11226272583008
2014-11-03,37.050926208496094
2014-11-04,37.01091003417969
2014-11-05,36.99756622314453
2014-11-06,36.904197692871094
2014-11-07,37.06424331665039
2014-11-10,36.92753219604492
2014-11-11,36.96753692626953
2014-11-12,36.95420455932617
2014-11-13,36.9342041015625
2014-11-14,36.96753692626953
2014-11-17,36.87086868286133
2014-11-18,36.91755294799805
2014-11-19,36.800819396972656
2014-11-20,36.900875091552734
2014-11-21,37.00422668457031
2014-11-24,37.04756546020508
2014-11-25,37.13759994506836
2014-11-26,37.210960388183594
2014-11-28,37.30765914916992
2014-12-01,37.19697952270508
2014-12-02,37.09000778198242
2014-12-03,37.03984069824219
2014-12-04,37.133480072021484
2014-12-05,37.056556701660156
2014-12-08,37.133480072021484
2014-12-09,37.153533935546875
2014-12-10,37.22038269042969
2014-12-11,37.186946868896484
2014-12-12,37.290611267089844
2014-12-15,37.2337646484375
2014-12-16,37.230411529541016
2014-12-17,37.25048828125
2014-12-18,37.25048828125
2014-12-19,37.290611267089844
2014-12-22,37.344085693359375
2014-12-23,37.25381851196289
2014-12-24,37.324951171875
2014-12-26,37.34843826293945
2014-12-29,37.40882873535156
2014-12-30,37.4222412109375
2014-12-31,37.5128173828125
2015-01-02,37.61011505126953
2015-01-05,37.71080780029297
2015-01-06,37.8315544128418
2015-01-07,37.87184143066406
2015-01-08,37.781246185302734
2015-01-09,37.88521957397461
2015-01-12,37.94901657104492
2015-01-13,37.98588943481445
2015-01-14,37.99932098388672
2015-01-15,38.224098205566406
2015-01-16,37.99261474609375
2015-01-20,38.08317565917969
2015-01-21,37.99932098388672
2015-01-22,37.96577453613281
2015-01-23,38.183837890625
2015-01-26,38.163700103759766
2015-01-27,38.163700103759766
2015-01-28,38.391868591308594
2015-01-29,38.3146858215332
2015-01-30,38.54283142089844
2015-02-02,38.5260009765625
2015-02-03,38.28726577758789
2015-02-04,38.293983459472656
2015-02-05,38.293983459472656
2015-02-06,37.954341888427734
2015-02-09,37.920677185058594
2015-02-10,37.819801330566406
2015-02-11,37.85005569458008
2015-02-12,37.86687469482422
2015-02-13,37.76935577392578
2015-02-17,37.655006408691406
2015-02-18,37.75926971435547
2015-02-19,37.75926971435547
2015-02-20,37.77944564819336
2015-02-23,37.88370895385742
2015-02-24,38.13592529296875
2015-02-25,38.16618728637695
2015-02-26,37.9610595703125
2015-02-27,38.09892654418945
2015-03-02,37.864681243896484
2015-03-03,37.77033233642578
2015-03-04,37.827632904052734
2015-03-05,37.773712158203125
2015-03-06,37.52431869506836
2015-03-09,37.595069885253906
2015-03-10,37.64898681640625
2015-03-11,37.80740737915039
2015-03-12,37.763580322265625
2015-03-13,37.66920852661133
2015-03-16,37.71977233886719
2015-03-17,37.713050842285156
2015-03-18,38.10735321044922
2015-03-19,37.911861419677734
2015-03-20,38.026458740234375
2015-03-23,38.056793212890625
2015-03-24,38.198341369628906
2015-03-25,38.11746597290039
2015-03-26,37.8848991394043
2015-03-27,38.009605407714844
2015-03-30,38.087135314941406
2015-03-31,38.20844650268555
2015-04-01,38.30270767211914
2015-04-02,38.2081298828125
2015-04-06,38.231754302978516
2015-04-07,38.292598724365234
2015-04-08,38.238525390625
2015-04-09,38.1979866027832
2015-04-10,38.21150588989258
2015-04-13,38.22163772583008
2015-04-14,38.28919219970703
2015-04-15,38.3230094909668
2015-04-16,38.279052734375
2015-04-17,38.30270767211914
2015-04-20,38.255409240722656
2015-04-21,38.2182502746582
2015-04-22,38.059478759765625
2015-04-23,38.143943786621094
2015-04-24,38.26217269897461
2015-04-27,38.238525390625
2015-04-28,38.03245162963867
2015-04-29,37.846641540527344
2015-04-30,37.86690902709961
2015-05-01,37.69382858276367
2015-05-04,37.60915756225586
2015-05-05,37.52449417114258
2015-05-06,37.41611099243164
2015-05-07,37.54140853881836
2015-05-08,37.68369674682617
2015-05-11,37.375465393066406
2015-05-12,37.31108474731445
2015-05-13,37.338191986083984
2015-05-14,37.429656982421875
2015-05-15,37.65657043457031
2015-05-18,37.48383712768555
2015-05-19,37.29418182373047
2015-05-20,37.33481216430664
2015-05-21,37.46690368652344
2015-05-22,37.41950607299805
2015-05-26,37.548194885253906
2015-05-27,37.568519592285156
2015-05-28,37.5177116394043
2015-05-29,37.42626953125
2015-06-01,37.33052062988281
2015-06-02,37.13014221191406
2015-06-03,36.9841423034668
2015-06-04,37.10976791381836
2015-06-05,36.96376419067383
2015-06-08,36.970542907714844
2015-06-09,36.83809280395508
2015-06-10,36.69887924194336
2015-06-11,36.953575134277344
2015-06-12,36.92300033569336
2015-06-15,36.93998718261719
2015-06-16,36.99431228637695
2015-06-17,36.96036911010742
2015-06-18,36.885643005371094
2015-06-19,37.038455963134766
2015-06-22,36.851688385009766
2015-06-23,36.76339340209961
2015-06-24,36.84151840209961
2015-06-25,36.783775329589844
2015-06-26,36.630950927734375
2015-06-29,36.882259368896484
2015-06-30,36.86867141723633
2015-07-01,36.74268341064453
2015-07-02,36.83460998535156
2015-07-06,36.967403411865234
2015-07-07,37.14786911010742
2015-07-08,37.209144592285156
2015-07-09,36.98102951049805
2015-07-10,36.82100296020508
2015-07-13,36.75288772583008
2015-07-14,36.8039665222168
2015-07-15,36.889102935791016
2015-07-16,36.96061706542969
2015-07-17,36.967403411865234
2015-07-20,36.851646423339844
2015-07-21,36.91292953491211
2015-07-22,36.94016647338867
2015-07-23,37.0355110168457
2015-07-24,37.06613540649414
2015-07-27,37.04572296142578
2015-07-28,37.00486373901367
2015-07-29,37.00486373901367
2015-07-30,37.01506042480469
2015-07-31,37.175113677978516
2015-08-03,37.2799186706543
2015-08-04,37.085330963134766
2015-08-05,36.98289489746094
2015-08-06,37.03752136230469
2015-08-07,37.12971496582031
2015-08-10,37.023868560791016
2015-08-11,37.22529983520508
2015-08-12,37.11604690551758
2015-08-13,37.05459976196289
2015-08-14,37.092159271240234
2015-08-17,37.11262512207031
2015-08-18,37.04437255859375
2015-08-19,37.15019226074219
2015-08-20,37.1638298034668
2015-08-21,37.1706657409668
2015-08-24,37.06144714355469
2015-08-25,36.91461944580078
2015-08-26,36.8565788269043
2015-08-27,36.88390350341797
2015-08-28,36.90097427368164
2015-08-31,36.79856491088867
2015-09-01,36.93651580810547
2015-09-02,36.92964172363281
2015-09-03,37.08370590209961
2015-09-04,37.13849639892578
2015-09-08,37.00839614868164
2015-09-09,37.07002258300781
2015-09-10,36.99813461303711
2015-09-11,36.970733642578125
2015-09-14,37.02892303466797
2015-09-15,36.7756233215332
2015-09-16,36.82014083862305
2015-09-17,37.04262924194336
2015-09-18,37.13849639892578
2015-09-21,36.98099899291992
2015-09-22,37.05976486206055
2015-09-23,37.05291748046875
2015-09-24,37.06319046020508
2015-09-25,36.991275787353516
2015-09-28,37.08714294433594
2015-09-29,37.09397888183594
2015-09-30,37.128204345703125
2015-10-01,37.12031936645508
2015-10-02,37.3297004699707
2015-10-05,37.34344482421875
2015-10-06,37.2747917175293
2015-10-07,37.3674430847168
2015-10-08,37.305667877197266
2015-10-09,37.26450729370117
2015-10-12,37.381187438964844
2015-10-13,37.3571891784668
2015-10-14,37.48760223388672
2015-10-15,37.408660888671875
2015-10-16,37.4189453125
2015-10-19,37.45672607421875
2015-10-20,37.3674430847168
2015-10-21,37.47386169433594
2015-10-22,37.5322380065918
2015-10-23,37.47045135498047
2015-10-26,37.52878952026367
2015-10-27,37.51165008544922
2015-10-28,37.40520095825195
2015-10-29,37.202701568603516
2015-10-30,37.36404037475586
2015-11-02,37.24357223510742
2015-11-03,37.23667907714844
2015-11-04,37.123104095458984
2015-11-05,37.147186279296875
2015-11-06,36.92692565917969
2015-11-09,36.88906478881836
2015-11-10,36.95103073120117
2015-11-11,36.9716796875
2015-11-12,36.923484802246094
2015-11-13,37.043968200683594
2015-11-16,36.99921798706055
2015-11-17,37.04738998413086
2015-11-18,37.05084991455078
2015-11-19,37.147186279296875
2015-11-20,37.13343811035156
2015-11-23,37.12999725341797
2015-11-24,37.19539260864258
2015-11-25,37.205718994140625
2015-11-27,37.216026306152344
2015-11-30,37.216026306152344
2015-12-01,37.42584991455078
2015-12-02,37.42584991455078
2015-12-03,37.05659484863281
2015-12-04,37.142879486083984
2015-12-07,37.23949432373047
2015-12-08,37.18430709838867
2015-12-09,37.23260498046875
2015-12-10,37.17048645019531
2015-12-11,37.294708251953125
2015-12-14,37.091121673583984
2015-12-15,36.918582916259766
2015-12-16,36.87370300292969
2015-12-17,37.0220832824707
2015-12-18,37.03934860229492
2015-12-21,37.0738525390625
2015-12-22,36.95654296875
2015-12-23,36.98067855834961
2015-12-24,37.01877212524414
2015-12-28,37.0291633605957
2015-12-29,36.894134521484375
2015-12-30,36.88722610473633
2015-12-31,36.9460563659668
2016-01-04,36.935672760009766
2016-01-05,36.9737663269043
2016-01-06,37.011837005615234
2016-01-07,37.05339431762695
2016-01-08,37.10531997680664
2016-01-11,36.997989654541016
2016-01-12,36.93913269042969
2016-01-13,37.06033706665039
2016-01-14,36.880279541015625
2016-01-15,36.87680435180664
2016-01-19,36.849117279052734
2016-01-20,36.831787109375
2016-01-21,36.734867095947266
2016-01-22,36.77986526489258
2016-01-25,36.78333282470703
2016-01-26,36.90105438232422
2016-01-27,36.859500885009766
2016-01-28,36.918357849121094
2016-01-29,37.022239685058594
2016-02-01,36.94621658325195
2016-02-02,37.036476135253906
2016-02-03,36.95315170288086
2016-02-04,37.0156364440918
2016-02-05,36.987876892089844
2016-02-08,37.203067779541016
2016-02-09,37.1024055480957
2016-02-10,37.161415100097656
2016-02-11,37.2481803894043
2016-02-12,37.137123107910156
2016-02-16,37.00523376464844
2016-02-17,37.036476135253906
2016-02-18,37.206539154052734
2016-02-19,37.14407730102539
2016-02-22,37.21003341674805
2016-02-23,37.25859451293945
2016-02-24,37.27943420410156
2016-02-25,37.36273956298828
2016-02-26,37.36273956298828
2016-02-29,37.36273956298828
2016-03-01,37.26352310180664
2016-03-02,37.32619094848633
2016-03-03,37.5071907043457
2016-03-04,37.486305236816406
2016-03-07,37.51414108276367
2016-03-08,37.59769821166992
2016-03-09,37.58026885986328
2016-03-10,37.58374786376953
2016-03-11,37.622039794921875
2016-03-14,37.695133209228516
2016-03-15,37.6916618347168
2016-03-16,37.869163513183594
2016-03-17,37.924861907958984
2016-03-18,38.02233123779297
2016-03-21,37.994476318359375
2016-03-22,37.91791915893555
2016-03-23,38.091922760009766
2016-03-24,38.08150100708008
2016-03-28,38.091922760009766
2016-03-29,38.279884338378906
2016-03-30,38.23812484741211
2016-03-31,38.391265869140625
2016-04-01,38.4558219909668
2016-04-04,38.466285705566406
2016-04-05,38.60936737060547
2016-04-06,38.60589599609375
2016-04-07,38.68265151977539
2016-04-08,38.60589599609375
2016-04-11,38.626834869384766
2016-04-12,38.51865005493164
2016-04-13,38.616355895996094
2016-04-14,38.60589599609375
2016-04-15,38.755950927734375
2016-04-18,38.72805404663086
2016-04-19,38.829261779785156
2016-04-20,38.73503875732422
2016-04-21,38.73503875732422
2016-04-22,38.76641845703125
2016-04-25,38.658260345458984
2016-04-26,38.63033676147461
2016-04-27,38.832759857177734
2016-04-28,38.787384033203125
2016-04-29,38.87461853027344
2016-05-02,38.832275390625
2016-05-03,38.91627502441406
2016-05-04,38.92326354980469
2016-05-05,38.975730895996094
2016-05-06,38.93025207519531
2016-05-09,38.972259521484375
2016-05-10,38.989742279052734
2016-05-11,38.94424057006836
2016-05-12,38.91973876953125
2016-05-13,39.003753662109375
2016-05-16,38.90576934814453
2016-05-17,38.89177322387695
2016-05-18,38.66432571411133
2016-05-19,38.758811950683594
2016-05-20,38.72381591796875
2016-05-23,38.69582748413086
2016-05-24,38.69582748413086
2016-05-25,38.713321685791016
2016-05-26,38.81130599975586
2016-05-27,38.793792724609375
2016-05-31,38.80427551269531
2016-06-01,38.85304260253906
2016-06-02,38.93022155761719
2016-06-03,39.13722229003906
2016-06-06,39.119686126708984
2016-06-07,39.175819396972656
2016-06-08,39.20036315917969
2016-06-09,39.22842788696289
2016-06-10,39.312625885009766
2016-06-13,39.30912399291992
2016-06-14,39.2179069519043
2016-06-15,39.35472106933594
2016-06-16,39.38629913330078
2016-06-17,39.316139221191406
2016-06-20,39.252986907958984
2016-06-21,39.22842788696289
2016-06-22,39.270538330078125
2016-06-23,39.20386505126953
2016-06-24,39.403846740722656
2016-06-27,39.586273193359375
2016-06-28,39.72308349609375
2016-06-29,39.659934997558594
2016-06-30,39.76518249511719
2016-07-01,39.950897216796875
2016-07-05,40.126731872558594
2016-07-06,40.15487289428711
2016-07-07,40.17245101928711
2016-07-08,40.33424758911133
2016-07-11,40.31316375732422
2016-07-12,40.14081954956055
2016-07-13,40.239295959472656
2016-07-14,40.10563659667969
2016-07-15,39.9086799621582
2016-07-18,39.9473762512207
2016-07-19,40.03179931640625
2016-07-20,39.97197723388672
2016-07-21,40.042327880859375
2016-07-22,40.03179931640625
2016-07-25,40.035301208496094
2016-07-26,40.028263092041016
2016-07-27,40.19357681274414
2016-07-28,40.14081954956055
2016-07-29,40.197086334228516
2016-08-01,40.048641204833984
2016-08-02,39.94284439086914
2016-08-03,39.91112518310547
2016-08-04,40.101524353027344
2016-08-05,39.94284439086914
2016-08-08,39.94639205932617
2016-08-09,40.13328170776367
2016-08-10,40.23200225830078
2016-08-11,40.14031982421875
2016-08-12,40.26725387573242
2016-08-15,40.21790313720703
2016-08-16,40.11209487915039
2016-08-17,40.21084976196289
2016-08-18,40.320159912109375
2016-08-19,40.19672393798828
2016-08-22,40.33074188232422
2016-08-23,40.34129333496094
2016-08-24,40.327186584472656
2016-08-25,40.3025016784668
2016-08-26,40.193206787109375
2016-08-29,40.39417266845703
2016-08-30,40.35186767578125
2016-08-31,40.31308364868164
2016-09-01,40.3336067199707
2016-09-02,40.27349090576172
2016-09-06,40.358341217041016
2016-09-07,40.358341217041016
2016-09-08,40.17098617553711
2016-09-09,39.93415069580078
2016-09-12,39.92355728149414
2016-09-13,39.803348541259766
2016-09-14,39.79275894165039
2016-09-15,39.83517074584961
2016-09-16,39.83162307739258
2016-09-19,39.83162307739258
2016-09-20,39.888221740722656
2016-09-21,40.00131607055664
2016-09-22,40.18513488769531
2016-09-23,40.18159484863281
2016-09-26,40.248779296875
2016-09-27,40.277034759521484
2016-09-28,40.31945037841797
2016-09-29,40.29118347167969
2016-09-30,40.23108673095703
2016-10-03,40.171199798583984
2016-10-04,40.01525115966797
2016-10-05,39.97273254394531
2016-10-06,39.99400329589844
2016-10-07,40.01171112060547
2016-10-10,40.01525115966797
2016-10-11,39.9053840637207
2016-10-12,39.947898864746094
2016-10-13,40.01171112060547
2016-10-14,39.923118591308594
2016-10-17,39.95500564575195
2016-10-18,40.05424499511719
2016-10-19,40.142845153808594
2016-10-20,40.07550048828125
2016-10-21,40.11804962158203
2016-10-24,40.06486129760742
2016-10-25,40.02943801879883
2016-10-26,39.958553314208984
2016-10-27,39.799072265625
2016-10-28,39.756568908691406
2016-10-31,39.799072265625
2016-11-01,39.73443603515625
2016-11-02,39.79833221435547
2016-11-03,39.74152374267578
2016-11-04,39.8267822265625
2016-11-07,39.80900573730469
2016-11-08,39.70599365234375
2016-11-09,39.23345947265625
2016-11-10,39.094905853271484
2016-11-11,38.93504333496094
2016-11-14,38.76093292236328
2016-11-15,38.949241638183594
2016-11-16,38.9456787109375
2016-11-17,38.82135009765625
2016-11-18,38.65079879760742
2016-11-21,38.689903259277344
2016-11-22,38.728965759277344
2016-11-23,38.629493713378906
2016-11-25,38.68632888793945
2016-11-28,38.746734619140625
2016-11-29,38.78937530517578
2016-11-30,38.68278884887695
2016-12-01,38.519981384277344
2016-12-02,38.641117095947266
2016-12-05,38.7194709777832
2016-12-06,38.715904235839844
2016-12-07,38.847713470458984
2016-12-08,38.76222610473633
2016-12-09,38.59124755859375
2016-12-12,38.666053771972656
2016-12-13,38.6802978515625
2016-12-14,38.530696868896484
2016-12-15,38.45586013793945
2016-12-16,38.48080062866211
2016-12-19,38.648231506347656
2016-12-20,38.6232795715332
2016-12-21,38.72660827636719
2016-12-22,38.715171813964844
2016-12-23,38.76872634887695
2016-12-27,38.69731903076172
2016-12-28,38.75802230834961
2016-12-29,38.94013214111328
2016-12-30,39.00083923339844
2017-01-03,39.03298568725586
2017-01-04,39.11866760253906
2017-01-05,39.32220458984375
2017-01-06,39.16866683959961
2017-01-09,39.21510314941406
2017-01-10,39.172237396240234
2017-01-11,39.21510314941406
2017-01-12,39.28651809692383
2017-01-13,39.175811767578125
2017-01-17,39.32935333251953
2017-01-18,39.11866760253906
2017-01-19,38.961551666259766
2017-01-20,39.040122985839844
2017-01-23,39.111541748046875
2017-01-24,39.0579833984375
2017-01-25,38.95798110961914
2017-01-26,38.9758415222168
2017-01-27,38.98298263549805
2017-01-30,38.96867370605469
2017-01-31,39.01511001586914
2017-02-01,39.08421325683594
2017-02-02,39.04842758178711
2017-02-03,39.03767013549805
2017-02-06,39.12002182006836
2017-02-07,39.18445587158203
2017-02-08,39.381351470947266
2017-02-09,39.177303314208984
2017-02-10,39.20952606201172
2017-02-13,39.231021881103516
2017-02-14,39.09853744506836
2017-02-15,39.0197868347168
2017-02-16,39.20952606201172
2017-02-17,39.17371368408203
2017-02-21,39.245330810546875
2017-02-22,39.32767868041992
2017-02-23,39.36347198486328
2017-02-24,39.48518753051758
2017-02-27,39.452964782714844
2017-02-28,39.452964782714844
2017-03-01,39.2874870300293
2017-03-02,39.27312469482422
2017-03-03,39.27312469482422
2017-03-06,39.208526611328125
2017-03-07,39.09727096557617
2017-03-08,39.0039176940918
2017-03-09,38.86391830444336
2017-03-10,38.892635345458984
2017-03-13,38.85315704345703
2017-03-14,38.85315704345703
2017-03-15,39.08646774291992
2017-03-16,39.06853103637695
2017-03-17,39.140323638916016
2017-03-20,39.18340301513672
2017-03-21,39.26236343383789
2017-03-22,39.384403228759766
2017-03-23,39.34852600097656
2017-03-24,39.388004302978516
2017-03-27,39.44182586669922
2017-03-28,39.42390060424805
2017-03-29,39.45979690551758
2017-03-30,39.40235900878906
2017-03-31,39.45262908935547
2017-04-03,39.571739196777344
2017-04-04,39.528526306152344
2017-04-05,39.53573989868164
2017-04-06,39.614933013916016
2017-04-07,39.51774597167969
2017-04-10,39.58971405029297
2017-04-11,39.74448013305664
2017-04-12,39.82365036010742
2017-04-13,39.881221771240234
2017-04-17,39.84883117675781
2017-04-18,40.017982482910156
2017-04-19,39.960384368896484
2017-04-20,39.91001510620117
2017-04-21,39.89202880859375
2017-04-24,39.85245132446289
2017-04-25,39.70490264892578
2017-04-26,39.7840576171875
2017-04-27,39.80923080444336
2017-04-28,39.845252990722656
2017-05-01,39.7745246887207
2017-05-02,39.82143783569336
2017-05-03,39.84667205810547
2017-05-04,39.752864837646484
2017-05-05,39.742034912109375
2017-05-08,39.70595932006836
2017-05-09,39.70235061645508
2017-05-10,39.69514465332031
2017-05-11,39.75646209716797
2017-05-12,39.889957427978516
2017-05-15,39.94049072265625
2017-05-16,39.965728759765625
2017-05-17,40.16779327392578
2017-05-18,40.135311126708984
2017-05-19,40.1713981628418
2017-05-22,40.131710052490234
2017-05-23,40.06675720214844
2017-05-24,40.08481216430664
2017-05-25,40.13892364501953
2017-05-26,40.182220458984375
2017-05-30,40.22191619873047
2017-05-31,40.265193939208984
2017-06-01,40.2901611328125
2017-06-02,40.40951919555664
2017-06-05,40.31909942626953
2017-06-06,40.45292282104492
2017-06-07,40.35888671875
2017-06-08,40.35888671875
2017-06-09,40.333553314208984
2017-06-12,40.31909942626953
2017-06-13,40.337181091308594
2017-06-14,40.54696273803711
2017-06-15,40.47100067138672
2017-06-16,40.543357849121094
2017-06-19,40.46738815307617
2017-06-20,40.53973388671875
2017-06-21,40.55781555175781
2017-06-22,40.5940055847168
2017-06-23,40.59759521484375
2017-06-26,40.63740921020508
2017-06-27,40.49271774291992
2017-06-28,40.49994659423828
2017-06-29,40.38782501220703
2017-06-30,40.39504623413086
2017-07-03,40.28445053100586
2017-07-05,40.32795333862305
2017-07-06,40.29894256591797
2017-07-07,40.255435943603516
2017-07-10,40.29894256591797
2017-07-11,40.31346130371094
2017-07-12,40.45126724243164
2017-07-13,40.411380767822266
2017-07-14,40.46939468383789
2017-07-17,40.4838981628418
2017-07-18,40.596317291259766
2017-07-19,40.654335021972656
2017-07-20,40.69422149658203
2017-07-21,40.73048782348633
2017-07-24,40.697845458984375
2017-07-25,40.56367492675781
2017-07-26,40.632564544677734
2017-07-27,40.60719680786133
2017-07-28,40.66883850097656
2017-07-31,40.67608642578125
2017-08-01,40.75026321411133
2017-08-02,40.764774322509766
2017-08-03,40.8193244934082
2017-08-04,40.677555084228516
2017-08-07,40.70299530029297
2017-08-08,40.60847473144531
2017-08-09,40.64119338989258
2017-08-10,40.659393310546875
2017-08-11,40.68484115600586
2017-08-14,40.66664123535156
2017-08-15,40.615726470947266
2017-08-16,40.71027374267578
2017-08-17,40.75026321411133
2017-08-18,40.75752639770508
2017-08-21,40.79023742675781
2017-08-22,40.75026321411133
2017-08-23,40.841148376464844
2017-08-24,40.77934646606445
2017-08-25,40.88113784790039
2017-08-28,40.90293884277344
2017-08-29,40.90293884277344
2017-08-30,40.94657516479492
2017-08-31,40.99746322631836
2017-09-01,40.9337043762207
2017-09-05,41.07947540283203
2017-09-06,40.98835754394531
2017-09-07,41.12322998046875
2017-09-08,41.068538665771484
2017-09-11,40.95918273925781
2017-09-12,40.87535858154297
2017-09-13,40.849853515625
2017-09-14,40.853511810302734
2017-09-15,40.904537200927734
2017-09-18,40.88267517089844
2017-09-19,40.864437103271484
2017-09-20,40.8279914855957
2017-09-21,40.82070541381836
2017-09-22,40.879024505615234
2017-09-25,40.97377014160156
2017-09-26,40.97377014160156
2017-09-27,40.83161926269531
2017-09-28,40.868080139160156
2017-09-29,40.904537200927734
2017-10-02,40.881507873535156
2017-10-03,40.954593658447266
2017-10-04,40.97651290893555
2017-10-05,40.92536163330078
2017-10-06,40.8413200378418
2017-10-09,40.9071044921875
2017-10-10,40.929039001464844
2017-10-11,40.93267059326172
2017-10-12,40.97285842895508
2017-10-13,41.08613967895508
2017-10-16,41.06057357788086
2017-10-17,41.045936584472656
2017-10-18,40.98747634887695
2017-10-19,41.01670837402344
2017-10-20,40.92536163330078
2017-10-23,40.93997573852539
2017-10-24,40.89247512817383
2017-10-25,40.815731048583984
2017-10-26,40.81208801269531
2017-10-27,40.91075134277344
2017-10-30,41.00940704345703
2017-10-31,40.92171096801758
2017-11-01,40.974830627441406
2017-11-02,40.978492736816406
2017-11-03,41.01879119873047
2017-11-06,41.048091888427734
2017-11-07,41.00413131713867
2017-11-08,41.00413131713867
2017-11-09,40.930877685546875
2017-11-10,40.74768829345703
2017-11-13,40.7440185546875
2017-11-14,40.7696533203125
2017-11-15,40.86857223510742
2017-11-16,40.813636779785156
2017-11-17,40.89788818359375
2017-11-20,40.890560150146484
2017-11-21,40.94917678833008
2017-11-22,41.081050872802734
2017-11-24,41.040748596191406
2017-11-27,41.040748596191406
2017-11-28,41.05175018310547
2017-11-29,40.95286560058594
2017-11-30,40.890560150146484
2017-12-01,41.069068908691406
2017-12-04,41.0323371887207
2017-12-05,41.135169982910156
2017-12-06,41.17557907104492
2017-12-07,41.120487213134766
2017-12-08,41.10945129394531
2017-12-11,41.080081939697266
2017-12-12,41.07642364501953
2017-12-13,41.23800277709961
2017-12-14,41.25638961791992
2017-12-15,41.2930908203125
2017-12-18,41.2086181640625
2017-12-19,41.043357849121094
2017-12-20,40.91849136352539
2017-12-21,41.00719451904297
2017-12-22,41.02562713623047
2017-12-26,41.06976318359375
2017-12-27,41.246490478515625
2017-12-28,41.23176574707031
2017-12-29,41.2427978515625
2018-01-02,41.117637634277344
2018-01-03,41.150779724121094
2018-01-04,41.172874450683594
2018-01-05,41.132381439208984
2018-01-08,41.132381439208984
2018-01-09,40.988800048828125
2018-01-10,41.003501892089844
2018-01-11,41.080833435058594
2018-01-12,41.117637634277344
2018-01-16,41.132381439208984
2018-01-17,41.047698974609375
2018-01-18,40.92253875732422
2018-01-19,40.81576919555664
2018-01-22,40.80105972290039
2018-01-23,40.91886520385742
2018-01-24,40.867313385009766
2018-01-25,40.99618148803711
2018-01-26,40.966705322265625
2018-01-29,40.87098693847656
2018-01-30,40.767913818359375
2018-01-31,40.859947204589844
2018-02-01,40.68021774291992
2018-02-02,40.53998565673828
2018-02-05,40.66177749633789
2018-02-06,40.551055908203125
2018-02-07,40.43665313720703
2018-02-08,40.33700180053711
2018-02-09,40.244754791259766
2018-02-12,40.27796173095703
2018-02-13,40.21522521972656
2018-02-14,40.10449981689453
2018-02-15,40.204124450683594
2018-02-16,40.289039611816406
2018-02-20,40.174617767333984
2018-02-21,40.038082122802734
2018-02-22,40.10820007324219
2018-02-23,40.233680725097656
2018-02-26,40.25212478637695
2018-02-27,40.130332946777344
2018-02-28,40.17831039428711
2018-03-01,40.21198272705078
2018-03-02,40.13056945800781
2018-03-05,40.10097885131836
2018-03-06,40.17129135131836
2018-03-07,40.1453857421875
2018-03-08,40.193485260009766
2018-03-09,40.063961029052734
2018-03-12,40.1231803894043
2018-03-13,40.112091064453125
2018-03-14,40.19719696044922
2018-03-15,40.193485260009766
2018-03-16,40.18608856201172
2018-03-19,40.10838317871094
2018-03-20,40.02698516845703
2018-03-21,39.97145462036133
2018-03-22,40.05659103393555
2018-03-23,40.0158576965332
2018-03-26,40.04916763305664
2018-03-27,40.17129135131836
2018-03-28,40.230491638183594
2018-03-29,40.3230094909668
2018-04-02,40.33041763305664
2018-04-03,40.27846908569336
2018-04-04,40.24138259887695
2018-04-05,40.2487907409668
2018-04-06,40.367523193359375
2018-04-09,40.415771484375
2018-04-10,40.3712272644043
2018-04-11,40.4343376159668
2018-04-12,40.363807678222656
2018-04-13,40.378639221191406
2018-04-16,40.3415641784668
2018-04-17,40.3712272644043
2018-04-18,40.233943939208984
2018-04-19,40.10780334472656
2018-04-20,39.98537063598633
2018-04-23,39.91858673095703
2018-04-24,39.874061584472656
2018-04-25,39.78873825073242
2018-04-26,39.84437561035156
2018-04-27,39.92229080200195
2018-04-30,39.92599868774414
2018-05-01,39.82853698730469
2018-05-02,39.83225631713867
2018-05-03,39.82853698730469
2018-05-04,39.83597946166992
2018-05-07,39.82110595703125
2018-05-08,39.81363296508789
2018-05-09,39.769004821777344
2018-05-10,39.92525863647461
2018-05-11,39.96990966796875
2018-05-14,39.928977966308594
2018-05-15,39.72064971923828
2018-05-16,39.66856002807617
2018-05-17,39.61647415161133
2018-05-18,39.72064971923828
2018-05-21,39.72064971923828
2018-05-22,39.73923873901367
2018-05-23,39.85829544067383
2018-05-24,39.95873260498047
2018-05-25,40.081520080566406
2018-05-29,40.27494812011719
2018-05-30,40.159637451171875
2018-05-31,40.1001091003418
2018-06-01,40.047489166259766
2018-06-04,39.931861877441406
2018-06-05,39.9803466796875
2018-06-06,39.860984802246094
2018-06-07,39.95798110961914
2018-06-08,39.91694259643555
2018-06-11,39.88710403442383
2018-06-12,39.87588882446289
2018-06-13,39.842323303222656
2018-06-14,39.969181060791016
2018-06-15,39.9542350769043
2018-06-18,39.9393196105957
2018-06-19,39.976627349853516
2018-06-20,39.82368087768555
2018-06-21,39.834896087646484
2018-06-22,39.834896087646484
2018-06-25,39.81621170043945
2018-06-26,39.89082717895508
2018-06-27,39.9803466796875
2018-06-28,39.97288513183594
2018-06-29,39.96543502807617
2018-07-02,39.97854995727539
2018-07-03,40.05707550048828
2018-07-05,40.1693229675293
2018-07-06,40.22170639038086
2018-07-09,40.2030143737793
2018-07-10,40.19552230834961
2018-07-11,40.25537872314453
2018-07-12,40.32646179199219
2018-07-13,40.382572174072266
2018-07-16,40.31150436401367
2018-07-17,40.28531265258789
2018-07-18,40.27033996582031
2018-07-19,40.29653549194336
2018-07-20,40.21047592163086
2018-07-23,40.06459426879883
2018-07-24,40.14689254760742
2018-07-25,40.18803405761719
2018-07-26,40.19926834106445
2018-07-27,40.22919464111328
2018-07-30,40.19926834106445
2018-07-31,40.25910568237305
2018-08-01,40.200958251953125
2018-08-02,40.246002197265625
2018-08-03,40.347312927246094
2018-08-06,40.36979293823242
2018-08-07,40.317283630371094
2018-08-08,40.234737396240234
2018-08-09,40.32476806640625
2018-08-10,40.332279205322266
2018-08-13,40.27225875854492
2018-08-14,40.27975082397461
2018-08-15,40.33979797363281
2018-08-16,40.39981460571289
2018-08-17,40.48236846923828
2018-08-20,40.6024169921875
2018-08-21,40.52737808227539
2018-08-22,40.56489944458008
2018-08-23,40.572391510009766
2018-08-24,40.57990646362305
2018-08-27,40.52737808227539
2018-08-28,40.50486755371094
2018-08-29,40.48236846923828
2018-08-30,40.489864349365234
2018-08-31,40.47484588623047
2018-09-04,40.361209869384766
2018-09-05,40.361209869384766
2018-09-06,40.4515266418457
2018-09-07,40.353694915771484
2018-09-10,40.39131546020508
2018-09-11,40.33108901977539
2018-09-12,40.34616470336914
2018-09-13,40.4063835144043
2018-09-14,40.368736267089844
2018-09-17,40.33864212036133
2018-09-18,40.24081039428711
2018-09-19,40.17307662963867
2018-09-20,40.270904541015625
2018-09-21,40.270904541015625
2018-09-24,40.2332763671875
2018-09-25,40.19566345214844
2018-09-26,40.39131546020508
2018-09-27,40.361209869384766
2018-09-28,40.353694915771484
2018-10-01,40.28575897216797
2018-10-02,40.3687858581543
2018-10-03,40.187644958496094
2018-10-04,40.044273376464844
2018-10-05,39.938594818115234
2018-10-08,39.85560989379883
2018-10-09,39.938594818115234
2018-10-10,39.88576889038086
2018-10-11,40.044273376464844
2018-10-12,39.98389434814453
2018-10-15,39.95370864868164
2018-10-16,40.03672790527344
2018-10-17,39.90841293334961
2018-10-18,39.900875091552734
2018-10-19,39.8631477355957
2018-10-22,39.870689392089844
2018-10-23,39.848045349121094
2018-10-24,39.92352294921875
2018-10-25,39.89333724975586
2018-10-26,39.931060791015625
2018-10-29,39.931060791015625
2018-10-30,39.79521179199219
2018-10-31,39.73482894897461
2018-11-01,39.78705596923828
2018-11-02,39.68109130859375
2018-11-05,39.71895217895508
2018-11-06,39.756805419921875
2018-11-07,39.84761047363281
2018-11-08,39.77191925048828
2018-11-09,39.817344665527344
2018-11-12,39.824920654296875
2018-11-13,39.79464340209961
2018-11-14,39.70378875732422
2018-11-15,39.68109130859375
2018-11-16,39.71895217895508
2018-11-19,39.68109130859375
2018-11-20,39.643226623535156
2018-11-21,39.68109130859375
2018-11-23,39.673519134521484
2018-11-26,39.68864822387695
2018-11-27,39.643226623535156
2018-11-28,39.69623947143555
2018-11-29,39.658390045166016
2018-11-30,39.665950775146484
2018-12-03,39.795021057128906
2018-12-04,39.81781005859375
2018-12-06,39.86336898803711
2018-12-07,39.89372634887695
2018-12-10,39.96210861206055
2018-12-11,40.01523208618164
2018-12-12,40.02281951904297
2018-12-13,40.07596969604492
2018-12-14,40.08355712890625
2018-12-17,40.11393356323242
2018-12-18,40.21905517578125
2018-12-19,40.21905517578125
2018-12-20,40.089569091796875
2018-12-21,40.150516510009766
2018-12-24,40.10480499267578
2018-12-26,40.01338195800781
2018-12-27,40.089569091796875
2018-12-28,40.21143341064453
2018-12-31,40.33333206176758
2019-01-02,40.394256591796875
2019-01-03,40.447574615478516
2019-01-04,40.424720764160156
2019-01-07,40.37140655517578
2019-01-08,40.37901306152344
2019-01-09,40.50852966308594
2019-01-10,40.46279525756836
2019-01-11,40.52373123168945
2019-01-14,40.424720764160156
2019-01-15,40.447574615478516
2019-01-16,40.54659652709961
2019-01-17,40.561832427978516
2019-01-18,40.65324783325195
2019-01-22,40.69133377075195
2019-01-23,40.79035186767578
2019-01-24,40.88938903808594
2019-01-25,40.866512298583984
2019-01-28,40.84367752075195
2019-01-29,40.94269943237305
2019-01-30,41.0264892578125
2019-01-31,41.29306411743164
2019-02-01,41.206729888916016
2019-02-04,41.115047454833984
2019-02-05,41.22965621948242
2019-02-06,41.237308502197266
2019-02-07,41.26023483276367
2019-02-08,41.32899475097656
2019-02-11,41.252586364746094
2019-02-12,41.283145904541016
2019-02-13,41.237308502197266
2019-02-14,41.32135772705078
2019-02-15,41.36720275878906
2019-02-19,41.40540313720703
2019-02-20,41.336631774902344
2019-02-21,41.26023483276367
2019-02-22,41.40540313720703
2019-02-25,41.37484359741211
2019-02-26,41.44362258911133
2019-02-27,41.35192108154297
2019-02-28,41.32899475097656
2019-03-01,41.25235366821289
2019-03-04,41.3366584777832
2019-03-05,41.35200881958008
2019-03-06,41.41330337524414
2019-03-07,41.51295852661133
2019-03-08,41.53592300415039
2019-03-11,41.58193588256836
2019-03-12,41.69691848754883
2019-03-13,41.63560104370117
2019-03-14,41.58961486816406
2019-03-15,41.704586029052734
2019-03-18,41.69691848754883
2019-03-19,41.69691848754883
2019-03-20,41.89621353149414
2019-03-21,41.97285842895508
2019-03-22,42.18747329711914
2019-03-25,42.27177429199219
2019-03-26,42.302425384521484
2019-03-27,42.36376190185547
2019-03-28,42.37908935546875
2019-03-29,42.37141036987305
2019-04-01,42.2176513671875
2019-04-02,42.248409271240234
2019-04-03,42.17921829223633
2019-04-04,42.22533416748047
2019-04-05,42.26377868652344
2019-04-08,42.2560920715332
2019-04-09,42.309906005859375
2019-04-10,42.471370697021484
2019-04-11,42.37141418457031
2019-04-12,42.32528305053711
2019-04-15,42.32528305053711
2019-04-16,42.22533416748047
2019-04-17,42.24069595336914
2019-04-18,42.248409271240234
2019-04-22,42.19459915161133
2019-04-23,42.34067153930664
2019-04-24,42.49443054199219
2019-04-25,42.44828414916992
2019-04-26,42.57902145385742
2019-04-29,42.471370697021484
2019-04-30,42.52518844604492
2019-05-01,42.505916595458984
2019-05-02,42.37480926513672
2019-05-03,42.498199462890625
2019-05-06,42.559879302978516
2019-05-07,42.583030700683594
2019-05-08,42.467350006103516
2019-05-09,42.521331787109375
2019-05-10,42.52904510498047
2019-05-13,42.5753059387207
2019-05-14,42.5753059387207
2019-05-15,42.68327331542969
2019-05-16,42.62928771972656
2019-05-17,42.65241622924805
2019-05-20,42.598445892333984
2019-05-21,42.544471740722656
2019-05-22,42.613868713378906
2019-05-23,42.721824645996094
2019-05-24,42.73726272583008
2019-05-28,42.84522247314453
2019-05-29,42.814369201660156
2019-05-30,42.976318359375
2019-05-31,43.09199523925781
2019-06-03,43.21575164794922
2019-06-04,43.161617279052734
2019-06-05,43.184810638427734
2019-06-06,43.23896026611328
2019-06-07,43.362728118896484
2019-06-10,43.269901275634766
2019-06-11,43.269901275634766
2019-06-12,43.30856704711914
2019-06-13,43.393653869628906
2019-06-14,43.455535888671875
2019-06-17,43.44007110595703
2019-06-18,43.6102409362793
2019-06-19,43.857765197753906
2019-06-20,44.027923583984375
2019-06-21,43.927371978759766
2019-06-24,44.01245880126953
2019-06-25,43.9428596496582
2019-06-26,43.86548614501953
2019-06-27,44.03567123413086
2019-06-28,44.14396286010742
2019-07-01,44.17421340942383
2019-07-02,44.26730728149414
2019-07-03,44.39918899536133
2019-07-05,44.1276741027832
2019-07-08,44.08112716674805
2019-07-09,44.03456115722656
2019-07-10,44.05784606933594
2019-07-11,43.87940979003906
2019-07-12,43.910438537597656
2019-07-15,43.972503662109375
2019-07-16,43.88717269897461
2019-07-17,44.10438537597656
2019-07-18,44.18974685668945
2019-07-19,44.11214828491211
2019-07-22,44.2130126953125
2019-07-23,44.2130126953125
2019-07-24,44.29833984375
2019-07-25,44.18974685668945
2019-07-26,44.251800537109375
2019-07-29,44.25956726074219
2019-07-30,44.24404525756836
2019-07-31,44.29833984375
2019-08-01,44.627445220947266
2019-08-02,44.666351318359375
2019-08-05,44.783058166503906
2019-08-06,44.91530990600586
2019-08-07,44.96199417114258
2019-08-08,45.00868225097656
2019-08-09,44.891971588134766
2019-08-12,45.133155822753906
2019-08-13,45.07870864868164
2019-08-14,45.210968017578125
2019-08-15,45.44437789916992
2019-08-16,45.43659210205078
2019-08-19,45.30432891845703
2019-08-20,45.5066032409668
2019-08-21,45.53773498535156
2019-08-22,45.44437789916992
2019-08-23,45.5999870300293
2019-08-26,45.57663345336914
2019-08-27,45.740028381347656
2019-08-28,45.79447937011719
2019-08-29,45.72446060180664
2019-08-30,45.740028381347656
2019-09-03,45.669803619384766
2019-09-04,45.771240234375
2019-09-05,45.52939987182617
2019-09-06,45.60737991333008
2019-09-09,45.373348236083984
2019-09-10,45.02228927612305
2019-09-11,45.04570007324219
2019-09-12,44.959877014160156
2019-09-13,44.647823333740234
2019-09-16,44.82726287841797
2019-09-17,44.959877014160156
2019-09-18,45.030094146728516
2019-09-19,45.115909576416016
2019-09-20,45.34994888305664
2019-09-23,45.35773468017578
2019-09-24,45.482582092285156
2019-09-25,45.27195358276367
2019-09-26,45.373348236083984
2019-09-27,45.34994888305664
2019-09-30,45.46696853637695
2019-10-01,45.51233673095703
2019-10-02,45.53580093383789
2019-10-03,45.668800354003906
2019-10-04,45.80960464477539
2019-10-07,45.668800354003906
2019-10-08,45.67660903930664
2019-10-09,45.645320892333984
2019-10-10,45.37152099609375
2019-10-11,45.29331970214844
2019-10-14,45.44976043701172
2019-10-15,45.332420349121094
2019-10-16,45.37152099609375
2019-10-17,45.40282440185547
2019-10-18,45.47322082519531
2019-10-21,45.36373519897461
2019-10-22,45.43413162231445
2019-10-23,45.46540832519531
2019-10-24,45.51233673095703
2019-10-25,45.426292419433594
2019-10-28,45.34806442260742
2019-10-29,45.27767562866211
2019-10-30,45.4184684753418
2019-10-31,45.660953521728516
2019-11-01,45.68373107910156
2019-11-04,45.495452880859375
2019-11-05,45.28367614746094
2019-11-06,45.47977828979492
2019-11-07,45.20521926879883
2019-11-08,45.1660041809082
2019-11-11,45.18168640136719
2019-11-12,45.189579010009766
2019-11-13,45.28367614746094
2019-11-14,45.47977828979492
2019-11-15,45.44840621948242
2019-11-18,45.5582389831543
2019-11-19,45.61312484741211
2019-11-20,45.66804122924805
2019-11-21,45.60527420043945
2019-11-22,45.68373107910156
2019-11-25,45.809234619140625
2019-11-26,45.879825592041016
2019-11-27,45.8641242980957
2019-11-29,45.809234619140625
2019-12-02,45.64482498168945
2019-12-03,45.95158767700195
2019-12-04,45.872928619384766
2019-12-05,45.81788635253906
2019-12-06,45.75494384765625
2019-12-09,45.78642272949219
2019-12-10,45.747066497802734
2019-12-11,45.896522521972656
2019-12-12,45.73135757446289
2019-12-13,45.97518539428711
2019-12-16,45.92798614501953
2019-12-17,45.88079833984375
2019-12-18,45.82574462890625
2019-12-19,45.86516571044922
2019-12-20,45.88093948364258
2019-12-23,45.857295989990234
2019-12-24,45.936153411865234
2019-12-26,45.99925231933594
2019-12-27,46.07810974121094
2019-12-30,46.10174560546875
2019-12-31,45.9755744934082
2020-01-02,46.07810974121094
2020-01-03,46.17272186279297
2020-01-06,46.125404357910156
2020-01-07,46.0544548034668
2020-01-08,45.991336822509766
2020-01-09,46.125404357910156
2020-01-10,46.24370193481445
2020-01-13,46.15696716308594
2020-01-14,46.18849182128906
2020-01-15,46.28313446044922
2020-01-16,46.33045196533203
2020-01-17,46.298927307128906
2020-01-21,46.4644889831543
2020-01-22,46.56704330444336
2020-01-23,46.59857177734375
2020-01-24,46.661659240722656
2020-01-27,46.787837982177734
2020-01-28,46.74840545654297
2020-01-29,46.89823913574219
2020-01-30,46.87458419799805
2020-01-31,47.000770568847656
2020-02-03,46.99759292602539
2020-02-04,46.85526657104492
2020-02-05,46.81575012207031
2020-02-06,46.82365036010742
2020-02-07,46.981788635253906
2020-02-10,47.068763732910156
2020-02-11,46.99759292602539
2020-02-12,46.99759292602539
2020-02-13,46.98970031738281
2020-02-14,47.076663970947266
2020-02-18,47.13200378417969
2020-02-19,47.13200378417969
2020-02-20,47.226890563964844
2020-02-21,47.337581634521484
2020-02-24,47.392948150634766
2020-02-25,47.40876007080078
2020-02-26,47.30597686767578
2020-02-27,47.13200378417969
2020-02-28,47.45619583129883
2020-03-02,47.437957763671875
2020-03-03,47.89775466918945
2020-03-04,47.889808654785156
2020-03-05,47.95326614379883
2020-03-06,48.19106674194336
2020-03-09,47.27147674560547
2020-03-10,46.18540573120117
2020-03-11,45.059715270996094
2020-03-12,43.11749267578125
2020-03-13,44.449317932128906
2020-03-16,43.76755142211914
2020-03-17,42.40401077270508
2020-03-18,40.66788864135742
2020-03-19,39.09034729003906
2020-03-20,39.69282531738281
2020-03-23,41.74604797363281
2020-03-24,42.269248962402344
2020-03-25,44.1321907043457
2020-03-26,43.95781326293945
2020-03-27,43.973670959472656
2020-03-30,44.33039093017578
2020-03-31,44.40966796875
2020-04-01,43.84598922729492
2020-04-02,44.005001068115234
2020-04-03,43.78239440917969
2020-04-06,44.65693283081055
2020-04-07,44.664859771728516
2020-04-08,45.13395309448242
2020-04-09,46.4139404296875
2020-04-13,46.28672790527344
2020-04-14,46.23108673095703
2020-04-15,46.48549270629883
2020-04-16,46.38213348388672
2020-04-17,46.48549270629883
2020-04-20,46.246978759765625
2020-04-21,46.22312927246094
2020-04-22,46.215187072753906
2020-04-23,46.43781280517578
2020-04-24,46.36623001098633
2020-04-27,46.13567352294922
2020-04-28,46.23108673095703
2020-04-29,46.493438720703125
2020-04-30,46.270835876464844
2020-05-01,46.13371658325195
2020-05-04,46.22141647338867
2020-05-05,46.189537048339844
2020-05-06,45.76701354980469
2020-05-07,45.886600494384766
2020-05-08,45.759029388427734
2020-05-11,45.53581619262695
2020-05-12,45.83078384399414
2020-05-13,45.91847610473633
2020-05-14,46.13371658325195
2020-05-15,46.24532699584961
2020-05-18,46.4127311706543
2020-05-19,46.444602966308594
2020-05-20,46.723636627197266
2020-05-21,46.779457092285156
2020-05-22,46.827274322509766
2020-05-26,46.827274322509766
2020-05-27,46.97874069213867
2020-05-28,47.066436767578125
2020-05-29,47.289649963378906
2020-06-01,47.26007843017578
2020-06-02,47.37994384765625
2020-06-03,47.41191864013672
2020-06-04,47.2840690612793
2020-06-05,47.45986557006836
2020-06-08,47.57173538208008
2020-06-09,47.619686126708984
2020-06-10,47.90736770629883
2020-06-11,47.419898986816406
2020-06-12,47.555747985839844
2020-06-15,48.17107009887695
2020-06-16,47.923370361328125
2020-06-17,47.94733428955078
2020-06-18,48.035221099853516
2020-06-19,48.09117126464844
2020-06-22,47.99525833129883
2020-06-23,47.99525833129883
2020-06-24,47.955322265625
2020-06-25,47.99525833129883
2020-06-26,48.05120849609375
2020-06-29,48.10715866088867
2020-06-30,48.282958984375
2020-07-01,48.41752624511719
2020-07-02,48.49765396118164
2020-07-06,48.58576583862305
2020-07-07,48.63383865356445
2020-07-08,48.60179138183594
2020-07-09,48.850128173828125
2020-07-10,48.770023345947266
2020-07-13,48.68992233276367
2020-07-14,48.930233001708984
2020-07-15,48.97827911376953
2020-07-16,49.1144905090332
2020-07-17,49.250667572021484
2020-07-20,49.29872131347656
2020-07-21,49.370826721191406
2020-07-22,49.5150260925293
2020-07-23,49.57110595703125
2020-07-24,49.53104019165039
2020-07-27,49.41889953613281
2020-07-28,49.41889953613281
2020-07-29,49.63518524169922
2020-07-30,49.603153228759766
2020-07-31,49.667232513427734
2020-08-03,49.72663497924805
2020-08-04,49.82297897338867
2020-08-05,49.80693054199219
2020-08-06,49.94339370727539
2020-08-07,49.8470573425293
2020-08-10,49.75875473022461
2020-08-11,49.53396987915039
2020-08-12,49.46171188354492
2020-08-13,49.11650466918945
2020-08-14,48.955936431884766
2020-08-17,49.05228042602539
2020-08-18,49.18876266479492
2020-08-19,49.09241485595703
2020-08-20,49.22087097167969
2020-08-21,49.27707290649414
2020-08-24,49.2288818359375
2020-08-25,49.03620910644531
2020-08-26,49.04424285888672
2020-08-27,48.739173889160156
2020-08-28,48.88368606567383
2020-08-31,49.04424285888672
2020-09-01,49.29526901245117
2020-09-02,49.45618438720703
2020-09-03,49.359622955322266
2020-09-04,48.997581481933594
2020-09-08,49.04585266113281
2020-09-09,49.0136604309082
2020-09-10,49.06194305419922
2020-09-11,49.11021423339844
2020-09-14,49.166534423828125
2020-09-15,49.22286605834961
2020-09-16,49.21480941772461
2020-09-17,49.246978759765625
2020-09-18,49.14239501953125
2020-09-21,49.1826286315918
2020-09-22,49.15849685668945
2020-09-23,48.860816955566406
2020-09-24,48.78034210205078
2020-09-25,48.81253433227539
2020-09-28,48.98149490356445
2020-09-29,48.941253662109375
2020-09-30,48.901039123535156
2020-10-01,48.98329162597656
2020-10-02,48.96715545654297
2020-10-05,48.84620666503906
2020-10-06,48.79781723022461
2020-10-07,48.79781723022461
2020-10-08,48.91071319580078
2020-10-09,49.01553726196289
2020-10-12,49.273597717285156
2020-10-13,49.24134826660156
2020-10-14,49.25748062133789
2020-10-15,49.201026916503906
2020-10-16,49.17683410644531
2020-10-19,49.03974533081055
2020-10-20,49.01553726196289
2020-10-21,48.94297790527344
2020-10-22,48.838134765625
2020-10-23,48.95103454589844
2020-10-26,49.00749206542969
2020-10-27,49.160709381103516
2020-10-28,48.975223541259766
2020-10-29,48.91071319580078
2020-10-30,48.73328399658203
2020-11-02,48.8464469909668
2020-11-03,48.82221603393555
2020-11-04,49.40419006347656
2020-11-05,49.52543258666992
2020-11-06,49.41228485107422
2020-11-09,49.1051139831543
2020-11-10,49.0242805480957
2020-11-11,49.080867767333984
2020-11-12,49.27484893798828
2020-11-13,49.36377716064453
2020-11-16,49.485015869140625
2020-11-17,49.59819412231445
2020-11-18,49.66283416748047
2020-11-19,49.92959213256836
2020-11-20,49.89726257324219
2020-11-23,49.9538459777832
2020-11-24,49.84067916870117
2020-11-25,49.88111114501953
2020-11-27,50.02658462524414
2020-11-30,50.15591049194336
2020-12-01,49.99309539794922
2020-12-02,49.887779235839844
2020-12-03,50.01740264892578
2020-12-04,49.85536575317383
2020-12-07,49.9201774597168
2020-12-08,49.87156677246094
2020-12-09,49.741947174072266
2020-12-10,49.92828369140625
2020-12-11,49.976898193359375
2020-12-14,49.968788146972656
2020-12-15,50.04168701171875
2020-12-16,49.9606819152832
2020-12-17,50.04755783081055
2020-12-18,50.01507568359375
2020-12-21,49.98262023925781
2020-12-22,50.05567169189453
2020-12-23,50.07191848754883
2020-12-24,50.21806335449219
2020-12-28,50.209957122802734
2020-12-29,50.242427825927734
2020-12-30,50.307373046875
2020-12-31,50.31550979614258
2021-01-04,50.16936111450195
2021-01-05,50.0232048034668
2021-01-06,49.7227783203125
2021-01-07,49.69029998779297
2021-01-08,49.6578254699707
2021-01-11,49.487342834472656
2021-01-12,49.59288024902344
2021-01-13,49.8770637512207
2021-01-14,49.73090362548828
2021-01-15,49.77962112426758
2021-01-19,49.852691650390625
2021-01-20,49.84457778930664
2021-01-21,49.763370513916016
2021-01-22,49.706546783447266
2021-01-25,49.89328384399414
2021-01-26,49.89328384399414
2021-01-27,49.83645248413086
2021-01-28,49.763370513916016
2021-01-29,49.698421478271484
2021-02-01,49.785484313964844
2021-02-02,49.67158126831055
2021-02-03,49.598358154296875
2021-02-04,49.64716720581055
2021-02-05,49.54139709472656
2021-02-08,49.687870025634766
2021-02-09,49.63089370727539
2021-02-10,49.73667907714844
2021-02-11,49.64716720581055
2021-02-12,49.508846282958984
2021-02-16,49.24849319458008
2021-02-17,49.419349670410156
2021-02-18,49.34613800048828
2021-02-19,49.07765197753906
2021-02-22,48.83354187011719
2021-02-23,48.874237060546875
2021-02-24,48.90678787231445
2021-02-25,48.2558708190918
2021-02-26,48.77659225463867
2021-03-01,48.835289001464844
2021-03-02,48.778228759765625
2021-03-03,48.49287796020508
2021-03-04,48.174903869628906
2021-03-05,48.15047073364258
2021-03-08,47.759124755859375
2021-03-09,48.05263900756836
2021-03-10,48.23198699951172
2021-03-11,48.25645446777344
2021-03-12,47.81619644165039
2021-03-15,47.93033981323242
2021-03-16,47.9058837890625
2021-03-17,47.93848419189453
2021-03-18,47.67760467529297
2021-03-19,47.750980377197266
2021-03-22,47.9058837890625
2021-03-23,48.02817153930664
2021-03-24,48.15861129760742
2021-03-25,48.1015510559082
2021-03-26,48.06892013549805
2021-03-29,47.99555587768555
2021-03-30,48.085235595703125
2021-03-31,48.13414764404297
2021-04-01,48.39556884765625
2021-04-05,48.20769119262695
2021-04-06,48.469093322753906
2021-04-07,48.36289978027344
2021-04-08,48.542633056640625
2021-04-09,48.47724533081055
2021-04-12,48.469093322753906
2021-04-13,48.657012939453125
2021-04-14,48.591644287109375
2021-04-15,48.836727142333984
2021-04-16,48.583473205566406
2021-04-19,48.50993728637695
2021-04-20,48.599815368652344
2021-04-21,48.70600891113281
2021-04-22,48.738677978515625
2021-04-23,48.77136993408203
2021-04-26,48.75505065917969
2021-04-27,48.583473205566406
2021-04-28,48.616153717041016
2021-04-29,48.567134857177734
2021-04-30,48.64882278442383
2021-05-03,48.718406677246094
2021-05-04,48.75114822387695
2021-05-05,48.79208755493164
2021-05-06,48.873924255371094
2021-05-07,48.873924255371094
2021-05-10,48.69384765625
2021-05-11,48.5628776550293
2021-05-12,48.34189224243164
2021-05-13,48.49740982055664
2021-05-14,48.669288635253906
2021-05-17,48.62836456298828
2021-05-18,48.505584716796875
2021-05-19,48.43193054199219
2021-05-20,48.685672760009766
2021-05-21,48.718406677246094
2021-05-24,48.80844497680664
2021-05-25,48.98031234741211
2021-05-26,48.94758605957031
2021-05-27,48.8411750793457
2021-05-28,48.8411750793457
2021-06-01,48.863319396972656
2021-06-02,48.95355224609375
2021-06-03,48.79771041870117
2021-06-04,49.068359375
2021-06-07,49.04375076293945
2021-06-08,49.150367736816406
2021-06-09,49.322601318359375
2021-06-10,49.49483108520508
2021-06-11,49.503021240234375
2021-06-14,49.347190856933594
2021-06-15,49.388221740722656
2021-06-16,49.24058151245117
2021-06-17,49.4702262878418
2021-06-18,49.69166564941406
2021-06-21,49.462032318115234
2021-06-22,49.53581619262695
2021-06-23,49.462032318115234
2021-06-24,49.544036865234375
2021-06-25,49.437416076660156
2021-06-28,49.601444244384766
2021-06-29,49.62602996826172
2021-06-30,49.69166564941406
2021-07-01,49.66618347167969
2021-07-02,49.7894401550293
2021-07-06,49.953792572021484
2021-07-07,50.06883239746094
2021-07-08,50.13456726074219
2021-07-09,49.9373664855957
2021-07-12,49.91270065307617
2021-07-13,49.756568908691406
2021-07-14,49.978458404541016
2021-07-15,50.06883239746094
2021-07-16,49.9948844909668
2021-07-19,50.30713653564453
2021-07-20,50.257843017578125
2021-07-21,50.077056884765625
2021-07-22,50.2496337890625
2021-07-23,50.216766357421875
2021-07-26,50.14278030395508
2021-07-27,50.30713653564453
2021-07-28,50.37287139892578
2021-07-29,50.2742805480957
2021-07-30,50.331787109375
2021-08-02,50.442108154296875
2021-08-03,50.483280181884766
2021-08-04,50.49151611328125
2021-08-05,50.32685089111328
2021-08-06,50.022247314453125
2021-08-09,49.84937286376953
2021-08-10,49.77525329589844
2021-08-11,49.832881927490234
2021-08-12,49.88228988647461
2021-08-13,50.13750076293945
2021-08-16,50.162208557128906
2021-08-17,50.10456466674805
2021-08-18,50.063411712646484
2021-08-19,50.17042922973633
2021-08-20,50.19511795043945
2021-08-23,50.21160888671875
2021-08-24,50.10456466674805
2021-08-25,50.005775451660156
2021-08-26,49.99754333496094
2021-08-27,50.21981430053711
2021-08-30,50.28568649291992
2021-08-31,50.21981430053711
2021-09-01,50.22806930541992
2021-09-02,50.31053924560547
2021-09-03,50.18684768676758
2021-09-07,49.98891067504883
2021-09-08,50.12086868286133
2021-09-09,50.384788513183594
2021-09-10,50.25282287597656
2021-09-13,50.35179138183594
2021-09-14,50.483741760253906
2021-09-15,50.43427658081055
2021-09-16,50.37653350830078
2021-09-17,50.285804748535156
2021-09-20,50.42601776123047
2021-09-21,50.401283264160156
2021-09-22,50.50849151611328
2021-09-23,50.20333480834961
2021-09-24,50.112613677978516
2021-09-27,50.071380615234375
2021-09-28,49.6507568359375
2021-09-29,49.6507568359375
2021-09-30,49.56826400756836
2021-10-01,49.85663604736328
2021-10-04,49.782257080078125
2021-10-05,49.658329010009766
2021-10-06,49.66658401489258
2021-10-07,49.45175552368164
2021-10-08,49.294761657714844
2021-10-11,49.212154388427734
2021-10-12,49.44349670410156
2021-10-13,49.65007019042969
2021-10-14,49.79051208496094
2021-10-15,49.6831169128418
2021-10-18,49.625282287597656
2021-10-19,49.402183532714844
2021-10-20,49.33608627319336
2021-10-21,49.261722564697266
2021-10-22,49.393924713134766
2021-10-25,49.41871643066406
2021-10-26,49.58395767211914
2021-10-27,49.82358932495117
2021-10-28,49.7657470703125
2021-10-29,49.7657470703125
2021-11-01,49.69539260864258
2021-11-02,49.84437561035156
2021-11-03,49.7285041809082
2021-11-04,49.94369888305664
2021-11-05,50.241661071777344
2021-11-08,50.11752700805664
2021-11-09,50.26649856567383
2021-11-10,49.8526611328125
2021-11-11,49.7285041809082
2021-11-12,49.69539260864258
2021-11-15,49.39742660522461
2021-11-16,49.339481353759766
2021-11-17,49.48019027709961
2021-11-18,49.571231842041016
2021-11-19,49.72022247314453
2021-11-22,49.36429977416992
2021-11-23,49.09943771362305
2021-11-24,49.28981399536133
2021-11-26,49.62088394165039
2021-11-29,49.62088394165039
2021-11-30,49.711952209472656
2021-12-01,49.696189880371094
2021-12-02,49.78740692138672
2021-12-03,50.085933685302734
2021-12-06,49.87860870361328
2021-12-07,49.87032699584961
2021-12-08,49.63814926147461
2021-12-09,49.62154769897461
2021-12-10,49.66302490234375
2021-12-13,49.85373306274414
2021-12-14,49.67960739135742
2021-12-15,49.712764739990234
2021-12-16,49.733543395996094
2021-12-17,49.841575622558594
2021-12-20,49.66707229614258
2021-12-21,49.7086181640625
2021-12-22,49.77509307861328
2021-12-23,49.71692657470703
2021-12-27,49.80833435058594
2021-12-28,49.75015640258789
2021-12-29,49.559043884277344
2021-12-30,49.71692657470703
2021-12-31,49.642127990722656
2022-01-03,49.243263244628906
2022-01-04,49.29312515258789
2022-01-05,49.03553009033203
2022-01-06,48.977359771728516
2022-01-07,48.80286407470703
2022-01-10,48.80286407470703
2022-01-11,48.88594436645508
2022-01-12,48.85272216796875
2022-01-13,48.977359771728516
2022-01-14,48.64497756958008
2022-01-18,48.24610137939453
2022-01-19,48.312591552734375
2022-01-20,48.312591552734375
2022-01-21,48.5785026550293
2022-01-24,48.4455451965332
2022-01-25,48.3375129699707
2022-01-26,48.03837203979492
2022-01-27,48.16300582885742
2022-01-28,48.18794250488281
2022-01-31,48.19625473022461
2022-02-01,48.23954772949219
2022-02-02,48.23954772949219
2022-02-03,47.95648193359375
2022-02-04,47.57347869873047
2022-02-07,47.640079498291016
2022-02-08,47.49022674560547
2022-02-09,47.59013366699219
2022-02-10,47.065616607666016
2022-02-11,47.36532974243164
2022-02-14,47.023990631103516
2022-02-15,46.84080505371094
2022-02-16,46.89076614379883
2022-02-17,46.94071578979492
2022-02-18,47.015655517578125
2022-02-22,46.95738220214844
2022-02-23,46.6326789855957
2022-02-24,46.79085159301758
2022-02-25,46.88245391845703
2022-02-28,47.31539535522461
2022-03-01,47.413841247558594
2022-03-02,46.7880973815918
2022-03-03,46.96330261230469
2022-03-04,46.96330261230469
2022-03-07,46.53780746459961
2022-03-08,46.2791862487793
2022-03-09,46.320892333984375
2022-03-10,45.93709945678711
2022-03-11,45.90373229980469
2022-03-14,45.353084564208984
2022-03-15,45.58668899536133
2022-03-16,45.87870407104492
2022-03-17,46.170711517333984
2022-03-18,46.22077560424805
2022-03-21,45.72018814086914
2022-03-22,45.61171340942383
2022-03-23,45.72852325439453
2022-03-24,45.72018814086914
2022-03-25,45.436519622802734
2022-03-28,45.58668899536133
2022-03-29,45.87034606933594
2022-03-30,45.970489501953125
2022-03-31,45.920413970947266
2022-04-01,46.003173828125
2022-04-04,46.11185073852539
2022-04-05,45.50996780395508
2022-04-06,45.2926139831543
2022-04-07,45.175575256347656
2022-04-08,44.89134216308594
2022-04-11,44.607120513916016
2022-04-12,44.607120513916016
2022-04-13,44.8077392578125
2022-04-14,44.3730354309082
2022-04-18,44.14734649658203
2022-04-19,43.8714599609375
2022-04-20,44.18077850341797
2022-04-21,43.8213005065918
2022-04-22,43.746063232421875
2022-04-25,44.138980865478516
2022-04-26,44.15570068359375
2022-04-27,43.779510498046875
2022-04-28,43.93834686279297
2022-04-29,43.520362854003906
2022-05-02,43.29246139526367
2022-05-03,43.468421936035156
2022-05-04,43.878963470458984
2022-05-05,43.48517608642578
2022-05-06,42.99083709716797
2022-05-09,43.12489700317383
2022-05-10,43.2673225402832
2022-05-11,43.32596969604492
2022-05-12,43.4516487121582
2022-05-13,43.30084228515625
2022-05-16,43.31760787963867
2022-05-17,43.12489700317383
2022-05-18,43.242183685302734
2022-05-19,43.35948944091797
2022-05-20,43.51868438720703
2022-05-23,43.4013786315918
2022-05-24,43.84544372558594
2022-05-25,44.14707946777344
2022-05-26,44.14707946777344
2022-05-27,44.197357177734375
2022-05-31,44.15547561645508
2022-06-01,43.84974670410156
2022-06-02,43.86655044555664
2022-06-03,43.76576614379883
2022-06-06,43.530601501464844
2022-06-07,43.73215866088867
2022-06-08,43.50539779663086
2022-06-09,43.295440673828125
2022-06-10,42.95948791503906
2022-06-13,42.16999435424805
2022-06-14,41.92643737792969
2022-06-15,42.505958557128906
2022-06-16,42.505958557128906
2022-06-17,42.57315444946289
2022-06-21,42.11121368408203
2022-06-22,42.514347076416016
2022-06-23,42.75791931152344
2022-06-24,42.76630783081055
2022-06-27,42.47235870361328
2022-06-28,42.45555877685547
2022-06-29,42.67392349243164
2022-06-30,42.80829620361328
2022-07-01,43.236881256103516
2022-07-05,43.25373077392578
2022-07-06,43.026390075683594
2022-07-07,42.98428726196289
2022-07-08,42.891658782958984
2022-07-11,43.001121520996094
2022-07-12,43.01795196533203
2022-07-13,43.27056884765625
2022-07-14,43.068485260009766
2022-07-15,43.32108688354492
2022-07-18,43.076900482177734
2022-07-19,43.18638610839844
2022-07-20,43.11900329589844
2022-07-21,43.60734939575195
2022-07-22,43.902076721191406
2022-07-25,43.615779876708984
2022-07-26,43.62419891357422
2022-07-27,43.876808166503906
2022-07-28,44.1546630859375
2022-07-29,44.247291564941406
2022-08-01,44.31481170654297
2022-08-02,43.875885009765625
2022-08-03,44.25572204589844
2022-08-04,44.340126037597656
2022-08-05,43.84212112426758
2022-08-08,44.036258697509766
2022-08-09,43.84212112426758
2022-08-10,44.18820571899414
2022-08-11,43.83368682861328
2022-08-12,44.21352005004883
2022-08-15,44.205078125
2022-08-16,44.07002258300781
2022-08-17,43.76615524291992
2022-08-18,43.84212112426758
2022-08-19,43.4622917175293
2022-08-22,43.2259407043457
2022-08-23,43.242835998535156
2022-08-24,43.17529296875
2022-08-25,43.512916564941406
2022-08-26,43.31880187988281
2022-08-29,43.0655632019043
2022-08-30,43.10776138305664
2022-08-31,42.77857208251953
2022-09-01,42.57037353515625
2022-09-02,42.61268997192383
2022-09-06,42.16412353515625
2022-09-07,42.60422897338867
2022-09-08,42.511131286621094
2022-09-09,42.57037353515625
2022-09-12,42.50267028808594
2022-09-13,42.24877166748047
2022-09-14,42.367244720458984
2022-09-15,42.20646667480469
2022-09-16,42.16412353515625
2022-09-19,42.18952178955078
2022-09-20,41.867919921875
2022-09-21,41.969482421875
2022-09-22,41.512474060058594
2022-09-23,41.45322036743164
2022-09-26,40.84385299682617
2022-09-27,40.41223907470703
2022-09-28,41.03852081298828
2022-09-29,40.776153564453125
2022-09-30,40.6661376953125
2022-10-03,41.22805404663086
2022-10-04,41.37236404418945
2022-10-05,41.11771011352539
2022-10-06,40.99039840698242
2022-10-07,40.667823791503906
2022-10-10,40.438636779785156
2022-10-11,40.37922668457031
2022-10-12,40.34526824951172
2022-10-13,40.353763580322266
2022-10-14,40.03120040893555
2022-10-17,40.18400192260742
2022-10-18,40.38772201538086
2022-10-19,39.92934036254883
2022-10-20,39.6746940612793
2022-10-21,39.742610931396484
2022-10-24,39.734092712402344
2022-10-25,40.10760498046875
2022-10-26,40.26038360595703
2022-10-27,40.40469741821289
2022-10-28,40.45562744140625
2022-10-31,40.26888656616211
2022-11-01,40.481712341308594
2022-11-02,40.28590393066406
2022-11-03,40.200775146484375
2022-11-04,40.26887893676758
2022-11-07,40.200775146484375
2022-11-08,40.28590393066406
2022-11-09,40.24333572387695
2022-11-10,41.324546813964844
2022-11-11,41.40117263793945
2022-11-14,41.230899810791016
2022-11-15,41.64806365966797
2022-11-16,41.9715690612793
2022-11-17,41.75872802734375
2022-11-18,41.74171447753906
2022-11-21,41.72469711303711
2022-11-22,41.980072021484375
2022-11-23,42.33766174316406
2022-11-25,42.33766174316406
2022-11-28,42.141845703125
2022-11-29,41.997127532958984
2022-11-30,42.48237991333008
2022-12-01,42.878482818603516
2022-12-02,43.083335876464844
2022-12-05,42.77603530883789
2022-12-06,42.89554977416992
2022-12-07,43.26261520385742
2022-12-08,43.143104553222656
2022-12-09,42.89554977416992
2022-12-12,42.88701629638672
2022-12-13,43.202857971191406
2022-12-14,43.237003326416016
2022-12-15,43.264408111572266
2022-12-16,43.1445426940918
2022-12-19,42.83628463745117
2022-12-20,42.46813201904297
2022-12-21,42.69929885864258
2022-12-22,42.69929885864258
2022-12-23,42.56230926513672
2022-12-27,42.15132522583008
2022-12-28,42.048587799072266
2022-12-29,42.27976608276367
2022-12-30,42.048587799072266
2023-01-03,42.49381637573242
2023-01-04,42.57087326049805
2023-01-05,42.50236892700195
2023-01-06,43.09316635131836
2023-01-09,43.19590759277344
2023-01-10,43.0760383605957
2023-01-11,43.35859680175781
2023-01-12,43.752445220947266
2023-01-13,43.6240119934082
2023-01-17,43.51271438598633
2023-01-18,43.92369842529297
2023-01-19,43.88087844848633
2023-01-20,43.68395233154297
2023-01-23,43.58976364135742
2023-01-24,43.795257568359375
2023-01-25,43.80382537841797
2023-01-26,43.78668975830078
2023-01-27,43.6925048828125
2023-01-30,43.555503845214844
2023-01-31,43.872314453125
2023-02-01,44.1934928894043
2023-02-02,44.25362014770508
2023-02-03,43.867164611816406
2023-02-06,43.58375549316406
2023-02-07,43.47212219238281
2023-02-08,43.51506423950195
2023-02-09,43.24883270263672
2023-02-10,43.0169563293457
2023-02-13,43.12860107421875
2023-02-14,43.05988693237305
2023-02-15,42.905311584472656
2023-02-16,42.65626907348633
2023-02-17,42.80226516723633
2023-02-21,42.338504791259766
2023-02-22,42.432979583740234
2023-02-23,42.66484832763672
2023-02-24,42.40721130371094
2023-02-27,42.42439651489258
2023-02-28,42.458740234375
2023-03-01,42.22097396850586
2023-03-02,42.22957992553711
2023-03-03,42.591407775878906
2023-03-06,42.47941589355469
2023-03-07,42.3846435546875
2023-03-08,42.32435607910156
2023-03-09,42.350196838378906
2023-03-10,42.849849700927734
2023-03-13,42.82400131225586
2023-03-14,42.7895622253418
2023-03-15,43.10829544067383
2023-03-16,42.97046661376953
2023-03-17,43.15998077392578
2023-03-20,43.08244323730469
2023-03-21,43.21168518066406
2023-03-22,43.418426513671875
2023-03-23,43.556251525878906
2023-03-24,43.65962600708008
2023-03-27,43.21168518066406
2023-03-28,43.177207946777344
2023-03-29,43.315059661865234
2023-03-30,43.34088897705078
2023-03-31,43.64240264892578
2023-04-03,43.89992904663086
2023-04-04,43.977699279785156
2023-04-05,44.107330322265625
2023-04-06,44.07277297973633
2023-04-10,43.89992904663086
2023-04-11,43.88264846801758
2023-04-12,43.822147369384766
2023-04-13,43.89992904663086
2023-04-14,43.770301818847656
2023-04-17,43.53697967529297
2023-04-18,43.65796661376953
2023-04-19,43.47649002075195
2023-04-20,43.649314880371094
2023-04-21,43.640689849853516
2023-04-24,43.79623794555664
2023-04-25,44.012271881103516
2023-04-26,43.85672378540039
2023-04-27,43.709815979003906
2023-04-28,43.977699279785156
2023-05-01,43.42890548706055
2023-05-02,43.85373306274414
2023-05-03,43.94041442871094
2023-05-04,43.87973403930664
2023-05-05,43.715003967285156
2023-05-08,43.47223663330078
2023-05-09,43.46357727050781
2023-05-10,43.74101257324219
2023-05-11,43.87107467651367
2023-05-12,43.645633697509766
2023-05-15,43.48091125488281
2023-05-16,43.3075065612793
2023-05-17,43.298831939697266
2023-05-18,43.14275360107422
2023-05-19,43.07340621948242
2023-05-22,43.064735412597656
2023-05-23,43.13409423828125
2023-05-24,42.978031158447266
2023-05-25,42.865325927734375
2023-05-26,42.978031158447266
2023-05-30,43.238136291503906
2023-05-31,43.35084915161133
2023-06-01,43.496124267578125
2023-06-02,43.3482551574707
2023-06-05,43.27864456176758
2023-06-06,43.3482551574707
2023-06-07,43.03507614135742
2023-06-08,43.29604721069336
2023-06-09,43.20034408569336
2023-06-12,43.29604721069336
2023-06-13,43.15686798095703
2023-06-14,43.235164642333984
2023-06-15,43.522220611572266
2023-06-16,43.435237884521484
2023-06-20,43.574440002441406
2023-06-21,43.53963851928711
2023-06-22,43.39174270629883
2023-06-23,43.478736877441406
2023-06-26,43.530941009521484
2023-06-27,43.461326599121094
2023-06-28,43.617919921875
2023-06-29,43.3482551574707
2023-06-30,43.574440002441406
2023-07-03,43.48540115356445
2023-07-05,43.241004943847656
2023-07-06,42.926780700683594
2023-07-07,42.90058135986328
2023-07-10,43.09261703491211
2023-07-11,43.232261657714844
2023-07-12,43.56394958496094
2023-07-13,43.817081451416016
2023-07-14,43.5464973449707
2023-07-17,43.59013748168945
2023-07-18,43.71233367919922
2023-07-19,43.88691329956055
2023-07-20,43.659976959228516
2023-07-21,43.72978973388672
2023-07-24,43.67742919921875
2023-07-25,43.63378143310547
2023-07-26,43.78216552734375
2023-07-27,43.38066101074219
2023-07-28,43.59886169433594
2023-07-31,43.70361328125
2023-08-01,43.369930267333984
2023-08-02,43.19477081298828
2023-08-03,42.91450500488281
2023-08-04,43.27357864379883
2023-08-07,43.186012268066406
2023-08-08,43.31736373901367
2023-08-09,43.36117172241211
2023-08-10,43.098426818847656
2023-08-11,42.99333953857422
2023-08-14,42.95829391479492
2023-08-15,42.81816101074219
2023-08-16,42.660526275634766
2023-08-17,42.581703186035156
2023-08-18,42.72182846069336
2023-08-21,42.50288391113281
2023-08-22,42.581703186035156
2023-08-23,43.0371208190918
2023-08-24,42.92325973510742
2023-08-25,42.9320182800293
2023-08-28,43.0371208190918
2023-08-29,43.32612991333008
2023-08-30,43.2823486328125
2023-08-31,43.352413177490234
2023-09-01,43.12916946411133
2023-09-05,42.89183807373047
2023-09-06,42.865474700927734
2023-09-07,43.01490020751953
2023-09-08,43.03245544433594
2023-09-11,42.96217346191406
2023-09-12,42.94457244873047
2023-09-13,43.02368927001953
2023-09-14,42.97974395751953
2023-09-15,42.9094123840332
2023-09-18,42.97974395751953
2023-09-19,42.85668182373047
2023-09-20,42.85668182373047
2023-09-21,42.549072265625
2023-09-22,42.76002502441406
2023-09-25,42.45237731933594
2023-09-26,42.35568618774414
2023-09-27,42.215057373046875
2023-09-28,42.28539276123047
2023-09-29,42.25022888183594
2023-10-02,41.96623229980469
2023-10-03,41.569313049316406
2023-10-04,41.833927154541016
2023-10-05,41.833927154541016
2023-10-06,41.719261169433594
2023-10-09,42.15143966674805
2023-10-10,42.1249885559082
2023-10-11,42.3013801574707
2023-10-12,41.99267578125
2023-10-13,42.16908645629883
2023-10-16,41.94858169555664
2023-10-17,41.66632843017578
2023-10-18,41.4370231628418
2023-10-19,41.20768737792969
2023-10-20,41.339988708496094
2023-10-23,41.58695983886719
2023-10-24,41.7457275390625
2023-10-25,41.445838928222656
2023-10-26,41.69279098510742
2023-10-27,41.63987731933594
2023-10-30,41.534034729003906
2023-10-31,41.48993682861328
2023-11-01,41.94854736328125
2023-11-02,42.29384994506836
2023-11-03,42.48862838745117
2023-11-06,42.30268096923828
2023-11-07,42.541751861572266
2023-11-08,42.70111846923828
2023-11-09,42.38237380981445
2023-11-10,42.541751861572266
2023-11-13,42.532901763916016
2023-11-14,43.055259704589844
2023-11-15,42.860477447509766
2023-11-16,43.16150665283203
2023-11-17,43.241188049316406
2023-11-20,43.34741973876953
2023-11-21,43.400543212890625
2023-11-22,43.51564407348633
2023-11-24,43.34741973876953
2023-11-27,43.604183197021484
2023-11-28,43.772396087646484
2023-11-29,44.055702209472656
2023-11-30,43.92292022705078
2023-12-01,44.2943229675293
2023-12-04,44.14326858520508
2023-12-05,44.41872024536133
2023-12-06,44.552001953125
2023-12-07,44.57865905761719
2023-12-08,44.37428665161133
2023-12-11,44.36541748046875
2023-12-12,44.552001953125
2023-12-13,45.147342681884766
2023-12-14,45.53256607055664
2023-12-15,45.47014617919922
2023-12-18,45.345298767089844
2023-12-19,45.43448257446289
2023-12-20,45.54149627685547
2023-12-21,45.559329986572266
2023-12-22,45.50581741333008
2023-12-26,45.5682487487793
2023-12-27,45.907108306884766
2023-12-28,45.809017181396484
2023-12-29,45.710914611816406
2024-01-02,45.487979888916016
2024-01-03,45.40773010253906
2024-01-04,45.22046661376953
2024-01-05,45.077781677246094
2024-01-08,45.32748031616211
2024-01-09,45.363136291503906
2024-01-10,45.345298767089844
2024-01-11,45.5682487487793
2024-01-12,45.69308090209961
2024-01-16,45.31855773925781
2024-01-17,45.22046661376953
2024-01-18,45.17587661743164
2024-01-19,45.19370651245117
2024-01-22,45.282875061035156
2024-01-23,45.166961669921875
2024-01-24,45.12236404418945
2024-01-25,45.345298767089844
2024-01-26,45.256126403808594
2024-01-29,45.42555236816406
2024-01-30,45.52365493774414
2024-01-31,45.64849853515625
2024-02-01,45.9232177734375
2024-02-02,45.592124938964844
2024-02-05,45.25209045410156
2024-02-06,45.45789337158203
2024-02-07,45.3415641784668
2024-02-08,45.1894416809082
2024-02-09,45.153648376464844
2024-02-12,45.17155456542969
2024-02-13,44.786773681640625
2024-02-14,44.93889617919922
2024-02-15,45.08206558227539
2024-02-16,44.92100524902344
2024-02-20,45.0462760925293
2024-02-21,44.96574401855469
2024-02-22,45.001529693603516
2024-02-23,45.11785888671875
2024-02-26,45.019432067871094
2024-02-27,44.96574401855469
2024-02-28,45.001529693603516
2024-02-29,45.03732681274414
2024-03-01,45.27443313598633
2024-03-04,45.17563247680664
2024-03-05,45.38220977783203
2024-03-06,45.47201919555664
2024-03-07,45.57080078125
2024-03-08,45.624691009521484
2024-03-11,45.6336784362793
2024-03-12,45.5079345703125
2024-03-13,45.45405197143555
2024-03-14,45.20258331298828
2024-03-15,45.193603515625
2024-03-18,45.15768051147461
2024-03-19,45.265445709228516
2024-03-20,45.337303161621094
2024-03-21,45.39117431640625
2024-03-22,45.525901794433594
2024-03-25,45.40016174316406
2024-03-26,45.40016174316406
2024-03-27,45.6336784362793
2024-03-28,45.59775924682617
2024-04-01,45.25972366333008
2024-04-02,45.23268508911133
2024-04-03,45.2507209777832
2024-04-04,45.30479049682617
2024-04-05,45.15155792236328
2024-04-08,45.142539978027344
2024-04-09,45.32282638549805
2024-04-10,44.78197479248047
2024-04-11,44.74592208862305
2024-04-12,44.836055755615234
2024-04-15,44.466487884521484
2024-04-16,44.35831832885742
2024-04-17,44.55663299560547
2024-04-18,44.45746994018555
2024-04-19,44.51155090332031
2024-04-22,44.59267807006836
2024-04-23,44.66478729248047
2024-04-24,44.520572662353516
2024-04-25,44.4304313659668
2024-04-26,44.5476188659668
2024-04-29,44.70085525512695
2024-04-30,44.49352264404297
2024-05-01,44.660911560058594
2024-05-02,44.89616775512695
2024-05-03,45.12236022949219
2024-05-06,45.221885681152344
2024-05-07,45.24903106689453
2024-05-08,45.17665100097656
2024-05-09,45.21284103393555
2024-05-10,45.12236022949219
2024-05-13,45.12236022949219
2024-05-14,45.24903106689453
2024-05-15,45.56571578979492
2024-05-16,45.51142883300781
2024-05-17,45.43904495239258
2024-05-20,45.411895751953125
2024-05-21,45.47523498535156
2024-05-22,45.42095184326172
2024-05-23,45.26713180541992
2024-05-24,45.35761260986328
2024-05-28,45.1585578918457
2024-05-29,44.97760772705078
2024-05-30,45.17665100097656
2024-05-31,45.3847541809082
2024-06-03,45.60090255737305
2024-06-04,45.7643928527832
2024-06-05,45.90060806274414
2024-06-06,45.846126556396484
2024-06-07,45.52824401855469
2024-06-10,45.45558547973633
2024-06-11,45.6099967956543
2024-06-12,45.81887435913086
2024-06-13,46.00052261352539
2024-06-14,46.04592514038086
2024-06-17,45.87336730957031
2024-06-18,46.018680572509766
2024-06-20,45.927860260009766
2024-06-21,45.93693923950195
2024-06-24,45.973270416259766
2024-06-25,45.973270416259766
2024-06-26,45.773468017578125
2024-06-27,45.846126556396484
2024-06-28,45.60090255737305
2024-07-01,45.41586685180664
2024-07-02,45.62550735473633
2024-07-03,45.88987350463867
2024-07-05,46.08132553100586
2024-07-08,46.09043502807617
2024-07-09,46.01750564575195
2024-07-10,46.099552154541016
2024-07-11,46.3092155456543
2024-07-12,46.482421875
2024-07-15,46.28186798095703
2024-07-16,46.49153137207031
2024-07-17,46.509765625
2024-07-18,46.354793548583984
2024-07-19,46.23629379272461
2024-07-22,46.21806716918945
2024-07-23,46.20894241333008
2024-07-24,46.00838851928711
2024-07-25,46.15425109863281
2024-07-26,46.34567642211914
2024-07-29,46.43684005737305
2024-07-30,46.464195251464844
2024-07-31,46.70120620727539
2024-08-01,46.83113479614258
2024-08-02,47.24291229248047
2024-08-05,47.13310623168945
2024-08-06,46.895198822021484
2024-08-07,46.73964309692383
2024-08-08,46.757930755615234
2024-08-09,46.94094467163086
2024-08-12,47.0141487121582
2024-08-13,47.270355224609375
2024-08-14,47.39845657348633
2024-08-15,47.270355224609375
2024-08-16,47.38931655883789
2024-08-19,47.4625129699707
2024-08-20,47.581459045410156
2024-08-21,47.6729621887207
2024-08-22,47.50826644897461
2024-08-23,47.75531768798828
2024-08-26,47.71871566772461
2024-08-27,47.69125747680664
2024-08-28,47.62721633911133
2024-08-29,47.57231903076172
2024-08-30,47.47166061401367
2024-09-03,47.6103401184082
2024-09-04,47.83995056152344
2024-09-05,48.02363586425781
2024-09-06,48.032806396484375
2024-09-09,48.11546325683594
2024-09-10,48.22567367553711
2024-09-11,48.24404525756836
2024-09-12,48.198116302490234
2024-09-13,48.33589553833008
2024-09-16,48.492000579833984
2024-09-17,48.48283386230469
2024-09-18,48.326698303222656
2024-09-19,48.35425567626953
2024-09-20,48.40935516357422
2024-09-23,48.36343765258789
2024-09-24,48.42772674560547
2024-09-25,48.21649169921875
2024-09-26,48.21649169921875
2024-09-27,48.37261962890625
2024-09-30,48.28996658325195
2024-10-01,48.46786880493164
2024-10-02,48.37568664550781
2024-10-03,48.15446853637695
2024-10-04,47.914794921875
2024-10-07,47.70278549194336
2024-10-08,47.79495620727539
2024-10-09,47.70278549194336
2024-10-10,47.68434524536133
2024-10-11,47.69356918334961
2024-10-14,47.70278549194336
2024-10-15,47.877925872802734
2024-10-16,47.97010040283203
2024-10-17,47.73043441772461
2024-10-18,47.711997985839844
2024-10-21,47.324851989746094
2024-10-22,47.324851989746094
2024-10-23,47.21424102783203
2024-10-24,47.30640411376953
2024-10-25,47.241886138916016
2024-10-28,47.205013275146484
2024-10-29,47.251102447509766
2024-10-30,47.186580657958984
2024-10-31,47.10361862182617
2024-11-01,46.928741455078125
2024-11-04,47.18780517578125
2024-11-05,47.32661437988281
2024-11-06,46.974998474121094
2024-11-07,47.39137649536133
2024-11-08,47.50239562988281
2024-11-11,47.428367614746094
2024-11-12,47.09528732299805
2024-11-13,46.9935188293457
2024-11-14,46.974998474121094
2024-11-15,47.012020111083984
2024-11-18,47.039772033691406
2024-11-19,47.16004943847656
2024-11-20,47.067535400390625
2024-11-21,47.021270751953125
2024-11-22,47.04902648925781
2024-11-25,47.511653900146484
2024-11-26,47.41912078857422
2024-11-27,47.56716537475586
2024-11-29,47.789222717285156
2024-12-02,47.83937072753906
2024-12-03,47.71863555908203
2024-12-04,47.88581848144531
2024-12-05,47.895103454589844
2024-12-06,47.99726486206055
2024-12-09,47.90439224243164
2024-12-10,47.83937072753906
2024-12-11,47.737220764160156
2024-12-12,47.542179107666016
2024-12-13,47.33784484863281
2024-12-16,47.39358139038086
2024-12-17,47.39358139038086
2024-12-18,46.90782165527344
2024-12-19,46.74931716918945
2024-12-20,46.917137145996094
2024-12-23,46.80526351928711
2024-12-24,46.90782165527344
2024-12-26,46.94511413574219
2024-12-27,46.78661346435547
2024-12-30,46.95443344116211
2024-12-31,46.87984848022461
2025-01-02,46.87984848022461
2025-01-03,46.80526351928711
2025-01-06,46.721343994140625
2025-01-07,46.56283950805664
2025-01-08,46.62810516357422
2025-01-10,46.404327392578125
2025-01-13,46.311092376708984
2025-01-14,46.339073181152344
2025-01-15,46.76797103881836
2025-01-16,46.83323669433594
2025-01-17,46.87052917480469
2025-01-21,47.09429168701172
2025-01-22,46.96376419067383
2025-01-23,46.917137145996094
2025-01-24,47.00105667114258
2025-01-27,47.262115478515625
2025-01-28,47.224822998046875
2025-01-29,47.16889190673828
2025-01-30,47.243465423583984
2025-01-31,47.1595573425293
2025-02-03,47.20167922973633
2025-02-04,47.276554107666016
2025-02-05,47.538639068603516
2025-02-06,47.463748931884766
2025-02-07,47.30463409423828
2025-02-10,47.34208679199219
2025-02-11,47.257835388183594
2025-02-12,47.033206939697266
2025-02-13,47.34208679199219
2025-02-14,47.48247146606445
2025-02-18,47.3233528137207
2025-02-19,47.370155334472656
2025-02-20,47.45439529418945
2025-02-21,47.604148864746094
2025-02-24,47.68838882446289
2025-02-25,47.99726104736328
2025-02-26,48.072147369384766
2025-02-27,47.92237854003906
2025-02-28,48.137664794921875
2025-03-03,48.22786331176758
2025-03-04,48.133907318115234
2025-03-05,47.992977142333984
2025-03-06,47.87082290649414
2025-03-07,47.82384490966797
2025-03-10,47.964778900146484
2025-03-11,47.720497131347656
2025-03-12,47.58895492553711
2025-03-13,47.71109390258789
2025-03-14,47.69230270385742
2025-03-17,47.767478942871094
2025-03-18,47.861427307128906
2025-03-19,48.05873107910156
2025-03-20,48.03055953979492
2025-03-21,47.983577728271484
2025-03-24,47.814453125
2025-03-25,47.861427307128906
2025-03-26,47.70170593261719
2025-03-27,47.68291091918945
2025-03-28,47.90840148925781
2025-03-31,47.992977142333984
2025-04-01,48.120296478271484
2025-04-02,48.18632125854492
2025-04-03,48.22404861450195
2025-04-04,48.167457580566406
2025-04-07,47.32804489135742
2025-04-08,46.94134521484375
2025-04-09,47.488372802734375
2025-04-10,46.90361404418945
2025-04-11,46.913047790527344
2025-04-14,47.139404296875
2025-04-15,47.33746337890625
2025-04-16,47.43178939819336
2025-04-17,47.450653076171875
2025-04-21,47.09225082397461
2025-04-22,47.186553955078125
2025-04-23,47.33746337890625
2025-04-24,47.70530700683594
2025-04-25,47.91279983520508
2025-04-28,47.997684478759766
2025-04-29,48.09199523925781
2025-04-30,47.92223358154297
2025-05-01,47.8209228515625
2025-05-02,47.70732116699219
2025-05-05,47.6505126953125
2025-05-06,47.72626876831055
2025-05-07,47.81146240234375
2025-05-08,47.622108459472656
2025-05-09,47.612648010253906
2025-05-12,47.59370803833008
2025-05-13,47.622108459472656
2025-05-14,47.43275833129883
2025-05-15,47.70732116699219
2025-05-16,47.773590087890625
2025-05-19,47.78306198120117
2025-05-20,47.71678924560547
2025-05-21,47.30967712402344
2025-05-22,47.489566802978516
2025-05-23,47.52743148803711
2025-05-27,47.839866638183594
2025-05-28,47.764122009277344
2025-05-29,47.92508316040039
2025-05-30,48.03868865966797
2025-06-02,47.94078063964844
2025-06-03,47.95029830932617
2025-06-04,48.24493408203125
2025-06-05,48.10237121582031
2025-06-06,47.88375473022461
2025-06-09,48.007320404052734
2025-06-10,48.0738525390625
2025-06-11,48.2164192199707
2025-06-12,48.416011810302734
2025-06-13,48.197410583496094
2025-06-16,48.14038848876953
2025-06-17,48.263938903808594
2025-06-18,48.31147003173828
2025-06-20,48.36848831176758
2025-06-23,48.46354293823242
2025-06-24,48.64412307739258
2025-06-25,48.61560821533203
2025-06-26,48.7581787109375
2025-06-27,48.70115661621094
2025-06-30,48.891239166259766
2025-07-01,48.92844772338867
2025-07-02,48.918907165527344
2025-07-03,48.833038330078125
2025-07-07,48.62312698364258
2025-07-08,48.537254333496094
2025-07-09,48.747169494628906
2025-07-10,48.75670623779297
2025-07-11,48.54679489135742
2025-07-14,48.54679489135742
2025-07-15,48.40367126464844
2025-07-16,48.480003356933594
2025-07-17,48.56587600708008
2025-07-18,48.6422119140625
2025-07-21,48.78532791137695
2025-07-22,48.89029312133789
2025-07-23,48.823490142822266
2025-07-24,48.75670623779297
2025-07-25,48.89029312133789
2025-07-28,48.81394958496094
2025-07-29,49.052490234375
2025-07-30,48.92844772338867
2025-07-31,48.93799591064453
2025-08-01,49.31156539916992
2025-08-04,49.37862014770508
2025-08-05,49.39777755737305
2025-08-06,49.37862014770508
2025-08-07,49.34029769897461
2025-08-08,49.23493957519531
2025-08-11,49.301998138427734
2025-08-12,49.349884033203125
2025-08-13,49.54145812988281
2025-08-14,49.40735626220703
2025-08-15,49.35945510864258
2025-08-18,49.29241180419922
2025-08-19,49.37862014770508
2025-08-20,49.38819885253906
2025-08-21,49.25408935546875
2025-08-22,49.560611724853516
2025-08-25,49.464820861816406
2025-08-26,49.49356460571289
2025-08-27,49.522300720214844
2025-08-28,49.579769134521484
2025-08-29,49.474403381347656
2025-09-02,49.34074401855469
2025-09-03,49.55229187011719
2025-09-04,49.792701721191406
2025-09-05,50.042728424072266
2025-09-08,50.19658279418945
2025-09-09,50.1292724609375
2025-09-10,50.24466323852539
2025-09-11,50.38890838623047
2025-09-12,50.3408203125
2025-09-15,50.45622634887695
2025-09-16,50.436988830566406
2025-09-17,50.36005783081055
2025-09-18,50.29274368286133
2025-09-19,50.29274368286133
2025-09-22,50.17735290527344
2025-09-23,50.254276275634766
2025-09-24,50.119651794433594
2025-09-25,50.042728424072266
2025-09-26,50.09080123901367
2025-09-29,50.2158203125
2025-09-30,50.2158203125
2025-10-01,50.35579299926758
2025-10-02,50.413726806640625
2025-10-03,50.35579299926758
2025-10-06,50.23994827270508
2025-10-07,50.30752944946289
2025-10-08,50.27857208251953
2025-10-09,50.21098709106445
2025-10-10,50.30752944946289
2025-10-13,50.471641540527344
2025-10-14,50.577842712402344
2025-10-15,50.58750534057617
2025-10-16,50.70334243774414
2025-10-17,50.635772705078125
2025-10-20,50.76128005981445
2025-10-21,50.780574798583984
2025-10-22,50.79023361206055
2025-10-23,50.73230743408203
2025-10-24,50.809539794921875
2025-10-27,50.86746597290039
2025-10-28,50.86746597290039
2025-10-29,50.645423889160156
2025-10-30,50.481300354003906
2025-10-31,50.35579299926758
2025-11-03,50.25112533569336
2025-11-04,50.30927658081055
2025-11-05,50.17359924316406
2025-11-06,50.37711715698242
2025-11-07,50.30927658081055
2025-11-10,50.338348388671875
2025-11-11,50.50311279296875
2025-11-12,50.44496154785156
2025-11-13,50.28020477294922
2025-11-14,50.17359924316406
2025-11-17,50.20267105102539
2025-11-18,50.22205352783203
2025-11-19,50.23175048828125
2025-11-20,50.28020477294922
2025-11-21,50.41588592529297
2025-11-24,50.55156707763672
2025-11-25,50.67755889892578
2025-11-26,50.803550720214844
2025-11-28,50.7357063293457
2025-12-01,50.5333366394043
2025-12-02,50.55279541015625
2025-12-03,50.659820556640625
2025-12-04,50.57225799560547
2025-12-05,50.5333366394043
2025-12-08,50.45551300048828
2025-12-09,50.406864166259766
2025-12-10,50.58198928833008
2025-12-11,50.55279541015625
2025-12-12,50.34849166870117
2025-12-15,50.406864166259766
2025-12-16,50.49442672729492
2025-12-17,50.45551300048828
2025-12-18,50.6014404296875
2025-12-19,50.51940155029297
2025-12-22,50.50962448120117
2025-12-23,50.5389404296875
2025-12-24,50.67568588256836
2025-12-26,50.704986572265625
2025-12-29,50.744056701660156
2025-12-30,50.724517822265625
2025-12-31,50.5682373046875
2026-01-02,50.5584602355957
2026-01-05,50.66591262817383
2026-01-06,50.67568588256836
2026-01-07,50.704986572265625
2026-01-08,50.59754180908203
2026-01-09,50.71474838256836
2026-01-12,50.65614700317383
2026-01-13,50.76359558105469
2026-01-14,50.85150909423828
2026-01-15,50.80266189575195
2026-01-16,50.695220947265625
2026-01-20,50.470558166503906
2026-01-21,50.695220947265625
2026-01-22,50.76359558105469
2026-01-23,50.79290008544922
2026-01-26,50.84173583984375
2026-01-27,50.79290008544922
2026-01-28,50.76359558105469
2026-01-29,50.77335739135742
2026-01-30,50.753822326660156
2026-02-02,50.689117431640625
2026-02-03,50.718528747558594
2026-02-04,50.689117431640625
2026-02-05,50.875404357910156
2026-02-06,50.904808044433594
2026-02-09,50.904808044433594
2026-02-10,51.01266098022461
2026-02-11,50.96363830566406
2026-02-12,51.120513916015625
2026-02-13,51.27738571166992
2026-02-17,51.30680465698242
2026-02-18,51.27738571166992
2026-02-19,51.296993255615234
2026-02-20,51.27738571166992
2026-02-23,51.346012115478516
2026-02-24,51.31660079956055
2026-02-25,51.296993255615234
2026-02-26,51.32640075683594
2026-02-27,51.346012115478516
2026-03-02,51.20132827758789
2026-03-03,51.16196060180664
2026-03-04,51.17180633544922
2026-03-05,51.01432418823242
2026-03-06,50.8863639831543
2026-03-09,51.122589111328125
2026-03-10,50.86668014526367
2026-03-11,50.5418701171875
2026-03-12,50.295806884765625
2026-03-13,50.1678581237793
2026-03-16,50.345027923583984
2026-03-17,50.561553955078125
2026-03-18,50.345027923583984
2026-03-19,50.51234817504883
2026-03-20,50.000526428222656
2026-03-23,50.276123046875
2026-03-24,50.177696228027344
2026-03-25,50.3056526184082
2026-03-26,50.000526428222656
2026-03-27,49.91194152832031
2026-03-30,50.1678581237793
2026-03-31,50.42375946044922
2026-04-01,50.45241928100586
2026-04-02,50.60062789916992
2026-04-06,50.521583557128906
2026-04-07,50.630279541015625
2026-04-08,50.768611907958984
2026-04-09,50.78837585449219
2026-04-10,50.69944381713867
2026-04-13,50.847652435302734
2026-04-14,50.97610855102539
2026-04-15,50.95634841918945
2026-04-16,50.798248291015625
2026-04-17,51.035400390625
2026-04-20,51.035400390625
2026-04-21,50.847652435302734
2026-04-22,50.946468353271484
2026-04-23,50.83777618408203
2026-04-24,50.88718032836914
2026-04-27,50.768611907958984
2026-04-28,50.798248291015625
2026-04-29,50.570987701416016
2026-04-30,50.64015579223633
2026-05-01,50.6937255859375
2026-05-04,50.564762115478516
2026-05-05,50.70364761352539
2026-05-06,50.902061462402344
2026-05-07,50.75325012207031
2026-05-08,50.91197967529297
2026-05-11,50.802852630615234
2026-05-12,50.66396713256836
2026-05-13,50.683807373046875
2026-05-14,50.66396713256836
2026-05-15,50.41595458984375
2026-05-18,50.33659362792969
2026-05-19,50.158023834228516
2026-05-20,50.45563888549805
2026-05-21,50.534996032714844
2026-05-22,50.59452438354492
2026-05-26,50.75325012207031
2026-05-27,50.82269287109375
2026-05-28,50.931819915771484
2026-05-29,50.981422424316406
2026-06-01,50.95851135253906
2026-06-02,50.96847152709961
2026-06-03,50.84894561767578
2026-06-04,50.93859100341797
2026-06-05,50.67961502075195
2026-06-08,50.639774322509766
2026-06-09,50.76926040649414
2026-06-10,50.69953918457031
2026-06-11,51.01827621459961
2026-06-12,50.998355865478516
2026-06-15,51.00831604003906
2026-06-16,51.07803726196289
2026-06-17,50.898746490478516
2026-06-18,51.028236389160156
2026-06-22,50.92863082885742
2026-06-23,50.9883918762207
2026-06-24,51.16768264770508
2026-06-25,51.20752716064453
2026-06-26,51.22745132446289
2026-06-29,51.307132720947266
2026-06-30,51.0880012512207
2026-07-01,51.0099983215332
2026-07-02,51.09000015258789
2026-07-06,51.09000015258789
2026-07-07,50.81999969482422
2026-07-08,50.72999954223633
2026-07-09,50.779998779296875
2026-07-10,50.709999084472656
2026-07-13,50.5
2026-07-14,50.619998931884766
2026-07-15,50.75
2026-07-16,50.720001220703125
2026-07-17,50.7400016784668
2026-07-20,50.61000061035156
2026-07-21,50.5
2026-07-22,50.41999816894531
2026-07-23,50.27000045776367
2026-07-24,50.290000915527344
2026-07-27,50.38999938964844
2026-07-28,50.5099983215332
2026-07-29,50.310001373291016
2026-07-30,50.369998931884766
2026-07-31,50.31999969482422
2026-08-03,50.209999084472656
